chr22	24960000	25020000	0.323902089401281	1
chr22	24960000	25040000	0.224773899118743	1
chr22	24960000	25045000	0.271329092886777	1
chr22	24965000	24985000	0.998455905001726	1
chr22	24965000	24990000	0.816004585246512	1
chr22	24965000	25005000	0.438615675371146	1
chr22	24965000	25015000	0.438898595278385	1
chr22	24965000	25030000	0.398245733524571	1
chr22	24965000	25050000	0.343920988900128	1
chr22	24970000	24990000	0.997806798872447	1
chr22	24970000	25000000	0.792847186481135	1
chr22	24970000	25015000	0.427457569912423	1
chr22	24970000	25025000	0.330265349629952	1
chr22	24970000	25045000	0.270139596697366	1
chr22	24970000	25050000	0.266340914830953	1
chr22	24975000	25000000	0.813824115234238	1
chr22	24975000	25020000	0.430880942564741	1
chr22	24975000	25030000	0.337698578469729	1
chr22	24975000	25040000	0.317560551994266	1
chr22	24980000	25015000	0.574219867337396	1
chr22	24980000	25030000	0.437374515644326	1
chr22	24980000	25040000	0.337366644120461	1
chr22	24985000	25015000	0.803978666435421	1
chr22	24990000	25010000	0.998304601903733	1
chr22	24990000	25045000	0.322875153808147	1
chr22	24995000	25015000	0.998179752380041	1
chr22	25000000	25025000	0.810861888772955	1
chr22	25005000	25040000	0.564119388351399	1
chr22	25075000	25170000	0.224650671020127	1
chr22	25080000	25125000	0.434563327954131	1
chr22	25080000	25165000	0.22640977508799	1
chr22	25080000	25170000	0.337868640281591	1
chr22	25085000	25110000	0.998467959235162	1
chr22	25085000	25165000	0.220036817311802	1
chr22	25090000	25115000	0.81091731961151	1
chr22	25090000	25165000	0.272759656598356	1
chr22	25100000	25120000	0.998046213644126	1
chr22	25100000	25135000	0.568955662120488	1
chr22	25105000	25130000	0.809467291165042	1
chr22	25110000	25135000	0.81024420657705	1
chr22	25110000	25160000	0.423957419897119	1
chr22	25115000	25140000	0.809900461756401	1
chr22	25125000	25150000	0.800067218892768	1
chr22	25125000	25160000	0.578845515210404	1
chr22	25125000	25170000	0.426197451676002	1
chr22	25130000	25155000	0.812282772374927	1
chr22	25135000	25160000	0.80398845586566	1
chr22	25135000	25170000	0.578735022695215	1
chr22	25205000	25325000	0.225132575451682	1
chr22	25205000	25330000	0.163065739406574	1
chr22	25215000	25260000	0.437634635788685	1
chr22	25220000	25315000	0.227295893599126	1
chr22	25220000	25320000	0.195249976355073	1
chr22	25220000	25325000	0.194569529629085	1
chr22	25225000	25310000	0.210226414574739	1
chr22	25225000	25325000	0.212568077653691	1
chr22	25225000	25455000	0.808648680356285	1
chr22	25230000	25250000	0.998320669796155	1
chr22	25230000	25280000	0.434981159467267	1
chr22	25230000	25335000	0.194930002252183	1
chr22	25230000	25340000	0.250080475197604	1
chr22	25230000	25455000	0.337333038484	1
chr22	25235000	25305000	0.272343213679836	1
chr22	25235000	25330000	0.417743153390603	1
chr22	25235000	25335000	0.267420295818001	1
chr22	25240000	25265000	0.801764333142302	1
chr22	25240000	25310000	0.332589723996309	1
chr22	25245000	25270000	0.811138649315272	1
chr22	25245000	25280000	0.575549907572084	1
chr22	25245000	25470000	0.18498865010812	1
chr22	25250000	25270000	0.998309627352875	1
chr22	25250000	25285000	0.588998995920156	1
chr22	25255000	25275000	0.998311001208966	1
chr22	25255000	25325000	0.322575789812857	1
chr22	25255000	25505000	0.592041387300927	1
chr22	25255000	25515000	0.332703795234672	1
chr22	25260000	25285000	0.813565349499664	1
chr22	25260000	25310000	0.438707091623486	1
chr22	25260000	25340000	0.228582897115556	1
chr22	25260000	25515000	0.99876237450588	1
chr22	25260000	25520000	0.998062672516323	1
chr22	25260000	25525000	0.120746832162476	1
chr22	25265000	25285000	0.998373296851989	1
chr22	25265000	25290000	0.815410030859264	1
chr22	25265000	25520000	0.808229421434666	1
chr22	25265000	25525000	0.253436287128058	1
chr22	25270000	25295000	0.795009778181688	1
chr22	25270000	25310000	0.789251014266712	1
chr22	25270000	25525000	0.589823249619517	1
chr22	25275000	25300000	0.809067605159979	1
chr22	25275000	25310000	0.590132255016481	1
chr22	25285000	25310000	0.81456840334471	1
chr22	25285000	25580000	0.185449766199816	1
chr22	25285000	25585000	0.592672478874538	1
chr22	25290000	25310000	0.998440131797129	1
chr22	25290000	25315000	0.806304745813782	1
chr22	25290000	25585000	0.268525937969409	1
chr22	25295000	25315000	0.998140264480603	1
chr22	25295000	25320000	0.80921294080972	1
chr22	25295000	25590000	0.57223272077171	1
chr22	25300000	25320000	0.998402874827944	1
chr22	25300000	25325000	0.81279976677494	1
chr22	25300000	25340000	0.586032962415556	1
chr22	25300000	25605000	0.999999999999951	1
chr22	25305000	25605000	0.139803604788389	1
chr22	25360000	25440000	0.271498207763324	1
chr22	25360000	25445000	0.21585075175535	1
chr22	25390000	25425000	0.58684316210371	1
chr22	25400000	25425000	0.799178169625948	1
chr22	25400000	25440000	0.441627244617663	1
chr22	25405000	25430000	0.814147486062845	1
chr22	25410000	25435000	0.813772163804016	1
chr22	25410000	25445000	0.555947117442084	1
chr22	25415000	25440000	0.810230661689208	1
chr22	25445000	25700000	0.114002108733177	1
chr22	25445000	25750000	0.0973502669582688	1
chr22	25445000	25760000	0.120680163086862	1
chr22	25445000	25765000	0.105625886420138	1
chr22	25450000	25690000	0.139152121824168	1
chr22	25450000	25700000	0.164332705290028	1
chr22	25450000	25705000	0.139719567497856	1
chr22	25450000	25745000	0.113449899412789	1
chr22	25450000	25750000	0.101869289443238	1
chr22	25450000	25760000	0.128574554079425	1
chr22	25450000	25765000	0.10066605288987	1
chr22	25450000	25770000	0.156554227558085	1
chr22	25450000	25775000	0.220098299634976	1
chr22	25455000	25695000	0.208909747826445	1
chr22	25455000	25700000	0.169216918678171	1
chr22	25455000	25705000	0.179225096628651	1
chr22	25455000	25710000	0.144218922245626	1
chr22	25455000	25715000	0.108031237391145	1
chr22	25455000	25725000	0.107949861856032	1
chr22	25455000	25730000	0.143812458207332	1
chr22	25455000	25740000	0.149997121662495	1
chr22	25455000	25750000	0.15620057540398	1
chr22	25455000	25755000	0.113521558492746	1
chr22	25455000	25760000	0.159259872233164	1
chr22	25455000	25765000	0.263963162881922	1
chr22	25455000	25770000	0.224919215710146	1
chr22	25455000	25775000	0.146421611399211	1
chr22	25455000	25780000	0.128403855289982	1
chr22	25460000	25555000	0.216249859810721	1
chr22	25460000	25560000	0.189472785868163	1
chr22	25460000	25665000	0.15466257215331	1
chr22	25460000	25675000	0.120153107396614	1
chr22	25460000	25685000	0.145458033428715	1
chr22	25460000	25690000	0.269512926643818	1
chr22	25460000	25695000	0.221589132892883	1
chr22	25460000	25700000	0.437612423681438	1
chr22	25460000	25705000	0.247606993840167	1
chr22	25460000	25710000	0.14560484372457	1
chr22	25460000	25715000	0.18388661476943	1
chr22	25460000	25720000	0.134289287027599	1
chr22	25460000	25725000	0.126727292902383	1
chr22	25460000	25730000	0.131533812578614	1
chr22	25460000	25735000	0.1053042100186	1
chr22	25460000	25745000	0.104694161603395	1
chr22	25460000	25750000	0.184988168840853	1
chr22	25460000	25755000	0.165368022078345	1
chr22	25460000	25760000	0.219562613421207	1
chr22	25460000	25765000	0.298266398106868	1
chr22	25460000	25770000	0.587149564161306	1
chr22	25460000	25775000	0.272532476058773	1
chr22	25460000	25780000	0.132465615608183	1
chr22	25465000	25690000	0.144279881140947	1
chr22	25465000	25695000	0.154460292622261	1
chr22	25465000	25700000	0.325459711761975	1
chr22	25465000	25705000	0.115238808808092	1
chr22	25465000	25710000	0.190934180997933	1
chr22	25465000	25715000	0.171897698702312	1
chr22	25465000	25720000	0.167098122647723	1
chr22	25465000	25735000	0.109269308579591	1
chr22	25465000	25740000	0.106070857069951	1
chr22	25465000	25745000	0.106987747336536	1
chr22	25465000	25750000	0.122695232657884	1
chr22	25465000	25755000	0.128223116123131	1
chr22	25465000	25760000	0.164045953119733	1
chr22	25465000	25765000	0.167352167289093	1
chr22	25465000	25770000	0.225887160508656	1
chr22	25465000	25775000	0.191459614307113	1
chr22	25465000	25780000	0.1275991769539	1
chr22	25470000	25690000	0.146187029772275	1
chr22	25470000	25700000	0.143952789666319	1
chr22	25470000	25705000	0.189058718189924	1
chr22	25470000	25720000	0.113133972132436	1
chr22	25470000	25755000	0.101616219592786	1
chr22	25470000	25765000	0.119147100897526	1
chr22	25470000	25770000	0.220827749517282	1
chr22	25470000	25775000	0.124204371932835	1
chr22	25475000	25500000	0.808118906228768	1
chr22	25475000	25690000	0.136856051192108	1
chr22	25475000	25700000	0.115925268933962	1
chr22	25475000	25725000	0.134547529205415	1
chr22	25475000	25750000	0.135858749712915	1
chr22	25475000	25755000	0.12025770892582	1
chr22	25475000	25765000	0.151759558665778	1
chr22	25480000	25640000	0.134757684977367	1
chr22	25480000	25690000	0.11194866275969	1
chr22	25480000	25700000	0.144286816669864	1
chr22	25480000	25705000	0.122044559521469	1
chr22	25480000	25715000	0.127526378304751	1
chr22	25480000	25765000	0.169615131449955	1
chr22	25480000	25770000	0.1434156815524	1
chr22	25485000	25520000	0.553916543692674	1
chr22	25485000	25540000	0.331547796876868	1
chr22	25485000	25700000	0.13120800824621	1
chr22	25485000	25720000	0.135788919302712	1
chr22	25485000	25745000	0.113514733276305	1
chr22	25485000	25765000	0.115430539412082	1
chr22	25490000	25705000	0.119607076544865	1
chr22	25490000	25765000	0.127485943205666	1
chr22	25495000	25520000	0.807324563416591	1
chr22	25495000	25530000	0.587225115666429	1
chr22	25495000	25675000	0.130964266919065	1
chr22	25495000	25685000	0.126840811868916	1
chr22	25495000	25700000	0.128936230464822	1
chr22	25495000	25705000	0.130919815872456	1
chr22	25495000	25725000	0.121026370139988	1
chr22	25500000	25520000	0.997968602490418	1
chr22	25500000	25525000	0.815462404861014	1
chr22	25500000	25535000	0.571296706684675	1
chr22	25500000	25700000	0.136499329432664	1
chr22	25505000	25530000	0.812310539867287	1
chr22	25505000	25540000	0.573243037538278	1
chr22	25505000	25710000	0.135395314824254	1
chr22	25510000	25530000	0.998442203296991	1
chr22	25510000	25535000	0.813564196262235	1
chr22	25510000	25540000	0.799376836670426	1
chr22	25515000	25535000	0.998275504405311	1
chr22	25515000	25540000	0.808728916833667	1
chr22	25515000	25680000	0.188473501882674	1
chr22	25515000	25705000	0.118273556163206	1
chr22	25520000	25700000	0.143066761439353	1
chr22	25520000	25755000	0.15600658758965	1
chr22	25525000	25700000	0.131567705550434	1
chr22	25530000	25555000	0.793505509392585	1
chr22	25530000	25710000	0.146160449576139	1
chr22	25530000	25725000	0.142271880816166	1
chr22	25530000	25730000	0.123727172015864	1
chr22	25530000	25755000	0.128588139173432	1
chr22	25535000	25685000	0.144559366939207	1
chr22	25535000	25695000	0.149281745264985	1
chr22	25535000	25700000	0.144501576108941	1
chr22	25535000	25710000	0.148257542657687	1
chr22	25535000	25715000	0.129326026511021	1
chr22	25535000	25720000	0.147197260218653	1
chr22	25535000	25725000	0.145924270740318	1
chr22	25535000	25750000	0.117065467838846	1
chr22	25540000	25675000	0.18542249694319	1
chr22	25540000	25680000	0.208620177153479	1
chr22	25540000	25690000	0.1418160132883	1
chr22	25540000	25695000	0.165284260477339	1
chr22	25540000	25700000	0.317278419548315	1
chr22	25540000	25725000	0.149122600247503	1
chr22	25540000	25765000	0.160242232452115	1
chr22	25545000	25680000	0.151463321156744	1
chr22	25545000	25685000	0.161752039517061	1
chr22	25545000	25690000	0.182845268197069	1
chr22	25545000	25695000	0.221208632766199	1
chr22	25545000	25700000	0.224273198419849	1
chr22	25545000	25705000	0.26434215772126	1
chr22	25545000	25710000	0.153941248086692	1
chr22	25545000	25720000	0.236818252207682	1
chr22	25550000	25655000	0.180062713945365	1
chr22	25550000	25675000	0.163753384989875	1
chr22	25550000	25680000	0.158700589500308	1
chr22	25550000	25685000	0.193650312186803	1
chr22	25550000	25695000	0.188600138332906	1
chr22	25550000	25700000	0.187110083175872	1
chr22	25550000	25710000	0.148219835065567	1
chr22	25550000	25720000	0.158355736904378	1
chr22	25555000	25655000	0.196375583743275	1
chr22	25555000	25660000	0.182211184388807	1
chr22	25555000	25665000	0.216220287740289	1
chr22	25555000	25670000	0.176034496861106	1
chr22	25555000	25675000	0.166478921385367	1
chr22	25555000	25685000	0.165103713069835	1
chr22	25555000	25690000	0.215708674543158	1
chr22	25555000	25695000	0.187478504374859	1
chr22	25555000	25700000	0.213631033402061	1
chr22	25555000	25705000	0.144065657172325	1
chr22	25555000	25710000	0.18920187034311	1
chr22	25560000	25625000	0.270557783754309	1
chr22	25560000	25635000	0.329663894263027	1
chr22	25560000	25640000	0.223263604560221	1
chr22	25560000	25650000	0.433035500809126	1
chr22	25560000	25655000	0.263617125822501	1
chr22	25560000	25660000	0.264973193767145	1
chr22	25560000	25665000	0.314915048502631	1
chr22	25560000	25680000	0.169351028160979	1
chr22	25560000	25690000	0.177733221847813	1
chr22	25560000	25695000	0.161987093935588	1
chr22	25560000	25700000	0.199745746479883	1
chr22	25560000	25705000	0.172717536902439	1
chr22	25565000	25590000	0.807015299639304	1
chr22	25565000	25615000	0.589767830178471	1
chr22	25565000	25620000	0.5843135814952	1
chr22	25565000	25625000	0.556136313587633	1
chr22	25565000	25630000	0.33684854951807	1
chr22	25565000	25635000	0.335711444293019	1
chr22	25565000	25640000	0.326516237615986	1
chr22	25565000	25645000	0.42960378470077	1
chr22	25565000	25650000	0.427701939255405	1
chr22	25565000	25655000	0.268352761469098	1
chr22	25565000	25660000	0.213494673112191	1
chr22	25565000	25665000	0.191302854117964	1
chr22	25565000	25670000	0.278416357011303	1
chr22	25565000	25675000	0.210565179505149	1
chr22	25565000	25680000	0.319112849852515	1
chr22	25565000	25685000	0.182771475091429	1
chr22	25565000	25690000	0.263637967784329	1
chr22	25565000	25695000	0.221274673997222	1
chr22	25565000	25700000	0.263190558975684	1
chr22	25565000	25705000	0.271420493861446	1
chr22	25570000	25590000	0.998466985246228	1
chr22	25570000	25595000	0.998450635719415	1
chr22	25570000	25600000	0.998361327433537	1
chr22	25570000	25605000	0.59372983407454	1
chr22	25570000	25610000	0.812274144989753	1
chr22	25570000	25615000	0.594427154050723	1
chr22	25570000	25620000	0.800514974434088	1
chr22	25570000	25625000	0.353141389188737	1
chr22	25570000	25630000	0.584971118264171	1
chr22	25570000	25635000	0.398027852201952	1
chr22	25570000	25640000	0.336990979902077	1
chr22	25570000	25645000	0.427851289640644	1
chr22	25570000	25650000	0.441401239972989	1
chr22	25570000	25655000	0.564067987479576	1
chr22	25570000	25665000	0.22936013371726	1
chr22	25570000	25680000	0.226355972192599	1
chr22	25570000	25690000	0.215398450560538	1
chr22	25570000	25695000	0.165788213522824	1
chr22	25570000	25700000	0.229335880744524	1
chr22	25570000	25705000	0.186243242299198	1
chr22	25575000	25595000	0.999999999999951	1
chr22	25575000	25600000	0.99847529608477	1
chr22	25575000	25605000	0.998395303622692	1
chr22	25575000	25610000	0.816719200684854	1
chr22	25575000	25615000	0.815106914133042	1
chr22	25575000	25620000	0.81160258538476	1
chr22	25575000	25625000	0.442291586305256	1
chr22	25575000	25630000	0.578287672389286	1
chr22	25575000	25635000	0.565147121430893	1
chr22	25575000	25640000	0.586055054522585	1
chr22	25575000	25645000	0.339629125981724	1
chr22	25575000	25650000	0.440005029072986	1
chr22	25575000	25655000	0.233440532433146	1
chr22	25575000	25660000	0.426963439723639	1
chr22	25575000	25670000	0.269341840875072	1
chr22	25575000	25700000	0.189346122049408	1
chr22	25580000	25600000	0.999999999999951	1
chr22	25580000	25605000	0.998293057630175	1
chr22	25580000	25610000	0.812376724828297	1
chr22	25580000	25615000	0.813743417087158	1
chr22	25580000	25620000	0.586988413289035	1
chr22	25580000	25625000	0.583375556229498	1
chr22	25580000	25630000	0.43072325238465	1
chr22	25580000	25635000	0.44039473972982	1
chr22	25580000	25640000	0.575876591325686	1
chr22	25580000	25645000	0.419415622606065	1
chr22	25580000	25650000	0.345950744804314	1
chr22	25580000	25655000	0.340518400725695	1
chr22	25580000	25660000	0.277453541890342	1
chr22	25580000	25665000	0.337839828586335	1
chr22	25585000	25605000	0.999999999999951	1
chr22	25585000	25610000	0.81036153468347	1
chr22	25585000	25615000	0.99838623396955	1
chr22	25585000	25620000	0.805059794498517	1
chr22	25585000	25630000	0.555423105486454	1
chr22	25585000	25635000	0.442223770223731	1
chr22	25585000	25650000	0.329574415390983	1
chr22	25585000	25660000	0.430604420383231	1
chr22	25585000	25665000	0.322396906144859	1
chr22	25590000	25610000	0.999999999999951	1
chr22	25590000	25615000	0.998389968737849	1
chr22	25590000	25620000	0.998574205722643	1
chr22	25590000	25625000	0.616439450028985	1
chr22	25590000	25630000	0.58689741509151	1
chr22	25590000	25635000	0.589546737233426	1
chr22	25590000	25650000	0.425203171140212	1
chr22	25590000	25655000	0.335053014073173	1
chr22	25590000	25660000	0.335042973987803	1
chr22	25595000	25615000	0.999999999999951	1
chr22	25595000	25620000	0.814341368580434	1
chr22	25595000	25625000	0.813470843442745	1
chr22	25595000	25630000	0.80959800150095	1
chr22	25595000	25635000	0.580946981283984	1
chr22	25595000	25640000	0.586307069734915	1
chr22	25595000	25650000	0.432203938680454	1
chr22	25595000	25655000	0.430464523049451	1
chr22	25595000	25670000	0.26401671184227	1
chr22	25600000	25620000	0.998635007502753	1
chr22	25600000	25625000	0.813474176732916	1
chr22	25600000	25630000	0.998090730610318	1
chr22	25600000	25635000	0.813714596990548	1
chr22	25600000	25640000	0.812488935905279	1
chr22	25600000	25650000	0.425625583851699	1
chr22	25600000	25655000	0.319583313923635	1
chr22	25600000	25660000	0.339097233349629	1
chr22	25605000	25635000	0.805602571230831	1
chr22	25605000	25650000	0.418584474892995	1
chr22	25605000	25660000	0.344193646811405	1
chr22	25610000	25630000	0.998837034037969	1
chr22	25610000	25635000	0.81248307986192	1
chr22	25610000	25645000	0.591353184972594	1
chr22	25610000	25650000	0.582146452023986	1
chr22	25610000	25655000	0.431426096319082	1
chr22	25610000	25660000	0.434850903937665	1
chr22	25615000	25635000	0.998572950470309	1
chr22	25615000	25640000	0.998332295633197	1
chr22	25615000	25650000	0.58147528480115	1
chr22	25615000	25655000	0.808770481648943	1
chr22	25620000	25640000	0.998634468284477	1
chr22	25620000	25645000	0.998550302827566	1
chr22	25620000	25650000	0.807690207094724	1
chr22	25620000	25655000	0.593212801703232	1
chr22	25620000	25665000	0.437027780720856	1
chr22	25620000	25675000	0.340793017993323	1
chr22	25625000	25645000	0.998852612856002	1
chr22	25625000	25650000	0.998292060716814	1
chr22	25625000	25655000	0.816443639169949	1
chr22	25625000	25660000	0.81241397209986	1
chr22	25625000	25670000	0.575895127195664	1
chr22	25630000	25650000	0.998722788711671	1
chr22	25630000	25655000	0.811478496816325	1
chr22	25630000	25660000	0.810671840382884	1
chr22	25635000	25655000	0.998754893664236	1
chr22	25635000	25660000	0.80228310799033	1
chr22	25635000	25670000	0.573460887499542	1
chr22	25640000	25660000	0.998704851371984	1
chr22	25655000	25680000	0.79500246843116	1
chr22	25660000	25685000	0.814898422783519	1
chr22	25660000	25695000	0.559446896683231	1
chr22	25665000	25685000	0.998412976923543	1
chr22	25665000	25690000	0.803486203115661	1
chr22	25665000	25695000	0.812245069983448	1
chr22	25670000	25695000	0.787538540953735	1
chr22	25675000	25700000	0.793347991981853	1
chr22	25720000	25745000	0.812425147207082	1
chr22	25725000	25745000	0.998221750779325	1
chr22	25785000	25810000	0.810798676106965	1
chr22	25885000	26330000	0.098952292876667	1
chr22	25890000	26155000	0.118532282765135	1
chr22	25895000	26135000	0.11362745308065	1
chr22	25930000	25990000	0.327885055566834	1
chr22	25930000	26000000	0.334951073563508	1
chr22	25930000	26030000	0.195224055141722	1
chr22	25930000	26315000	0.108609772178099	1
chr22	25940000	25965000	0.811585676502479	1
chr22	25945000	25990000	0.416244465126808	1
chr22	25985000	26010000	0.80309422528193	1
chr22	25995000	26015000	0.998372225942213	1
chr22	26020000	26045000	0.795295886233826	1
chr22	26025000	26070000	0.421273226667011	1
chr22	26030000	26050000	0.998518614440016	1
chr22	26035000	26055000	0.99851893201785	1
chr22	26035000	26060000	0.805375903819794	1
chr22	26035000	26070000	0.554782274272494	1
chr22	26035000	26145000	0.208994397771583	1
chr22	26050000	26070000	0.998017253090323	1
chr22	26050000	26075000	0.810530796699405	1
chr22	26050000	26100000	0.427937534747896	1
chr22	26055000	26075000	0.998747021340452	1
chr22	26055000	26080000	0.807518417213785	1
chr22	26060000	26080000	0.998580325364327	1
chr22	26060000	26220000	0.142254967193239	1
chr22	26065000	26090000	0.808818547447511	1
chr22	26065000	26130000	0.330489807020102	1
chr22	26075000	26100000	0.806347923442654	1
chr22	26080000	26110000	0.80284645266867	1
chr22	26080000	26130000	0.583246285740657	1
chr22	26080000	26160000	0.266430064518084	1
chr22	26085000	26105000	0.998273127794709	1
chr22	26085000	26110000	0.811451037477926	1
chr22	26100000	26120000	0.998418923693969	1
chr22	26100000	26125000	0.814995157452469	1
chr22	26105000	26130000	0.813659991419632	1
chr22	26115000	26140000	0.810685647359548	1
chr22	26130000	26150000	0.998776021422112	1
chr22	26140000	26165000	0.812048585672269	1
chr22	26170000	26195000	0.808175764346522	1
chr22	26190000	26215000	0.808228867246296	1
chr22	26200000	26220000	0.998126639380559	1
chr22	26205000	26235000	0.810407260334218	1
chr22	26210000	26235000	0.81544454855014	1
chr22	26220000	26260000	0.437607401903929	1
chr22	26225000	26250000	0.790962784335644	1
chr22	26235000	26255000	0.998252514579134	1
chr22	26240000	26265000	0.80636489973658	1
chr22	26245000	26265000	0.997729282130803	1
chr22	26245000	26270000	0.806030158745198	1
chr22	26255000	26280000	0.790923273023631	1
chr22	26285000	26310000	0.804009494504108	1
chr22	26360000	26455000	0.25948903412306	1
chr22	26360000	26460000	0.273692475210669	1
chr22	26360000	26465000	0.220635885323588	1
chr22	26365000	26460000	0.275881853470772	1
chr22	26365000	26465000	0.205932841962166	1
chr22	26370000	26455000	0.26040544394394	1
chr22	26370000	26460000	0.226229854410989	1
chr22	26375000	26460000	0.219797638673237	1
chr22	26380000	26460000	0.265615017536418	1
chr22	26385000	26455000	0.25971192037538	1
chr22	26385000	26460000	0.334570406812252	1
chr22	26390000	26425000	0.581540267123808	1
chr22	26390000	26460000	0.442325663235907	1
chr22	26395000	26420000	0.812033458425984	1
chr22	26395000	26445000	0.428522078059568	1
chr22	26395000	26450000	0.41694104381694	1
chr22	26395000	26455000	0.590260460236676	1
chr22	26395000	26460000	0.790400323196464	1
chr22	26395000	26465000	0.438505910414679	1
chr22	26395000	26470000	0.325996038675599	1
chr22	26400000	26420000	0.998005848212579	1
chr22	26400000	26440000	0.439108882073307	1
chr22	26400000	26455000	0.429286196378185	1
chr22	26400000	26460000	0.594621148984445	1
chr22	26400000	26465000	0.398647474148083	1
chr22	26405000	26425000	0.998353790951187	1
chr22	26405000	26450000	0.434358242459436	1
chr22	26405000	26455000	0.4443681688676	1
chr22	26405000	26460000	0.341859247436804	1
chr22	26415000	26470000	0.31747107047919	1
chr22	26425000	26470000	0.437496977948086	1
chr22	26425000	26480000	0.325994137509474	1
chr22	26425000	26665000	0.140230651383009	1
chr22	26430000	26455000	0.805157506767398	1
chr22	26430000	26475000	0.438305768493815	1
chr22	26430000	26480000	0.427842047069578	1
chr22	26435000	26460000	0.802679449894184	1
chr22	26440000	26465000	0.801588550503701	1
chr22	26470000	26645000	0.145672653399669	1
chr22	26475000	26640000	0.163571981669527	1
chr22	26475000	26650000	0.13582762604778	1
chr22	26475000	26655000	0.142247434399965	1
chr22	26475000	26670000	0.144561786444769	1
chr22	26480000	26645000	0.165412578557371	1
chr22	26480000	26650000	0.181709237968742	1
chr22	26480000	26655000	0.171633884475025	1
chr22	26480000	26660000	0.137172986334029	1
chr22	26480000	26665000	0.168792307373971	1
chr22	26485000	26505000	0.998122917393008	1
chr22	26485000	26510000	0.798037120793245	1
chr22	26485000	26635000	0.178761393387113	1
chr22	26485000	26640000	0.158543022212801	1
chr22	26485000	26645000	0.31935562986718	1
chr22	26485000	26650000	0.228531594616336	1
chr22	26485000	26655000	0.133727668747882	1
chr22	26485000	26660000	0.145825326721072	1
chr22	26485000	26665000	0.133584764013454	1
chr22	26490000	26620000	0.152917325066065	1
chr22	26490000	26640000	0.248011994057691	1
chr22	26490000	26645000	0.271075711691716	1
chr22	26490000	26650000	0.223630475055816	1
chr22	26490000	26655000	0.190872072433857	1
chr22	26490000	26660000	0.218723661339832	1
chr22	26495000	26630000	0.191829767401665	1
chr22	26495000	26635000	0.3237053454861	1
chr22	26495000	26640000	0.308648749747471	1
chr22	26495000	26645000	0.342889849873614	1
chr22	26495000	26650000	0.319732525327311	1
chr22	26495000	26655000	0.217481131323134	1
chr22	26495000	26665000	0.187859523601801	1
chr22	26500000	26620000	0.191652909810474	1
chr22	26500000	26630000	0.194207020043271	1
chr22	26500000	26635000	0.276041183166437	1
chr22	26500000	26640000	0.568958378812094	1
chr22	26500000	26645000	0.587299252904723	1
chr22	26500000	26650000	0.275570841067737	1
chr22	26500000	26655000	0.328896943048401	1
chr22	26500000	26660000	0.174294586590545	1
chr22	26500000	26665000	0.250967879509333	1
chr22	26505000	26610000	0.188237928731042	1
chr22	26505000	26615000	0.215710616053803	1
chr22	26505000	26620000	0.17225616442188	1
chr22	26505000	26630000	0.160026521909819	1
chr22	26505000	26635000	0.228786720108763	1
chr22	26505000	26640000	0.440479103232677	1
chr22	26505000	26645000	0.328039750997089	1
chr22	26505000	26650000	0.439376235672949	1
chr22	26505000	26655000	0.140280009032892	1
chr22	26505000	26660000	0.160744592032992	1
chr22	26505000	26665000	0.129144642313887	1
chr22	26510000	26625000	0.182636384695295	1
chr22	26510000	26630000	0.17165699023404	1
chr22	26510000	26635000	0.336719458934187	1
chr22	26510000	26640000	0.32668188838718	1
chr22	26510000	26645000	0.338225160589253	1
chr22	26510000	26650000	0.270167809617357	1
chr22	26510000	26655000	0.19438190855074	1
chr22	26510000	26660000	0.158103776437453	1
chr22	26510000	26670000	0.131975030276434	1
chr22	26515000	26540000	0.810156761446373	1
chr22	26515000	26630000	0.219676181659252	1
chr22	26515000	26635000	0.270066117742964	1
chr22	26515000	26640000	0.229704019541107	1
chr22	26515000	26645000	0.322586320642875	1
chr22	26515000	26650000	0.224195931119561	1
chr22	26515000	26660000	0.167609320541865	1
chr22	26515000	26665000	0.142166078295691	1
chr22	26520000	26545000	0.811413825151484	1
chr22	26520000	26605000	0.215377766225926	1
chr22	26520000	26610000	0.212544348654778	1
chr22	26520000	26615000	0.220500758525451	1
chr22	26520000	26630000	0.21830511990136	1
chr22	26520000	26635000	0.227588705939473	1
chr22	26520000	26640000	0.223541584699322	1
chr22	26520000	26645000	0.271918141788999	1
chr22	26520000	26650000	0.164424569415312	1
chr22	26525000	26640000	0.227123095227439	1
chr22	26525000	26645000	0.228370531494567	1
chr22	26525000	26650000	0.206891148910886	1
chr22	26530000	26630000	0.216720523964062	1
chr22	26530000	26640000	0.226939108359446	1
chr22	26530000	26645000	0.189255226925392	1
chr22	26530000	26650000	0.184014980375213	1
chr22	26530000	26655000	0.157967835859145	1
chr22	26530000	26660000	0.18458128372247	1
chr22	26535000	26560000	0.805880656161809	1
chr22	26535000	26570000	0.579128383093439	1
chr22	26535000	26645000	0.191325079110445	1
chr22	26540000	26565000	0.809236484711488	1
chr22	26540000	26575000	0.585685177027348	1
chr22	26540000	26630000	0.259101567397307	1
chr22	26540000	26640000	0.194733894717072	1
chr22	26540000	26645000	0.266031797673855	1
chr22	26545000	26570000	0.787824738204701	1
chr22	26545000	26580000	0.560072781339058	1
chr22	26545000	26630000	0.222767300586166	1
chr22	26545000	26640000	0.228747750387285	1
chr22	26550000	26570000	0.998311260322412	1
chr22	26550000	26575000	0.7974246588316	1
chr22	26550000	26585000	0.573784579498959	1
chr22	26550000	26640000	0.20722640749009	1
chr22	26555000	26575000	0.998406447289487	1
chr22	26555000	26640000	0.264983239527479	1
chr22	26555000	26645000	0.224864021061367	1
chr22	26560000	26630000	0.264337999531397	1
chr22	26560000	26635000	0.331611641554077	1
chr22	26560000	26640000	0.337251425431184	1
chr22	26560000	26645000	0.327873362131248	1
chr22	26560000	26650000	0.252849989619255	1
chr22	26565000	26625000	0.329924274739491	1
chr22	26565000	26630000	0.271709280056498	1
chr22	26565000	26635000	0.319842272549594	1
chr22	26565000	26640000	0.255552256065786	1
chr22	26565000	26645000	0.398616117321637	1
chr22	26570000	26625000	0.372271833783174	1
chr22	26570000	26630000	0.325040437491876	1
chr22	26570000	26635000	0.425684731253925	1
chr22	26570000	26640000	0.337673015564058	1
chr22	26570000	26645000	0.271651692161307	1
chr22	26570000	26650000	0.250881753957872	1
chr22	26575000	26645000	0.27014276089594	1
chr22	26575000	26650000	0.270040078899826	1
chr22	26580000	26605000	0.807272725627538	1
chr22	26580000	26625000	0.415045942013082	1
chr22	26580000	26635000	0.430385104242814	1
chr22	26580000	26640000	0.331481198328851	1
chr22	26580000	26645000	0.331662687477575	1
chr22	26585000	26640000	0.322203242407349	1
chr22	26585000	26645000	0.327251130371839	1
chr22	26590000	26610000	0.998550748382795	1
chr22	26590000	26615000	0.808835886820356	1
chr22	26590000	26620000	0.803749209139187	1
chr22	26590000	26630000	0.561653815799419	1
chr22	26590000	26635000	0.441928728329252	1
chr22	26590000	26640000	0.427679099429319	1
chr22	26590000	26645000	0.338820466015933	1
chr22	26595000	26620000	0.792036193178957	1
chr22	26595000	26640000	0.570716802884111	1
chr22	26600000	26640000	0.555636947222427	1
chr22	26615000	26635000	0.99856418409913	1
chr22	26615000	26640000	0.811919781666482	1
chr22	26870000	26895000	0.813024871784099	1
chr22	26870000	26900000	0.790446998840263	1
chr22	26900000	26925000	0.806869011302999	1
chr22	26915000	26935000	0.99848666846851	1
chr22	26985000	27010000	0.81292033201837	1
chr22	26985000	27055000	0.257064951714149	1
chr22	26995000	27020000	0.801616708937198	1
chr22	27000000	27025000	0.813050213844384	1
chr22	27005000	27045000	0.57515622101148	1
chr22	27035000	27060000	0.809574032884465	1
chr22	27035000	27085000	0.404585763780817	1
chr22	27040000	27060000	0.998288332283701	1
chr22	27050000	27070000	0.998516179916137	1
chr22	27055000	27135000	0.228809718368142	1
chr22	27070000	27090000	0.998575400444793	1
chr22	27075000	27100000	0.807099912267657	1
chr22	27085000	27110000	0.811776949011385	1
chr22	27085000	27180000	0.260702329052444	1
chr22	27090000	27115000	0.804252457719217	1
chr22	27090000	27135000	0.416585205040773	1
chr22	27095000	27115000	0.998334506889261	1
chr22	27095000	27120000	0.813474529050826	1
chr22	27095000	27130000	0.566766302573479	1
chr22	27100000	27120000	0.998310528283182	1
chr22	27100000	27125000	0.80681270296844	1
chr22	27115000	27150000	0.578340190133461	1
chr22	27120000	27190000	0.264169166313271	1
chr22	27130000	27150000	0.998545639650498	1
chr22	27130000	27155000	0.812184647941273	1
chr22	27130000	27165000	0.562336978490314	1
chr22	27135000	27160000	0.797770892043339	1
chr22	27140000	27160000	0.998675516241183	1
chr22	27145000	27170000	0.820639416023227	1
chr22	27155000	27185000	0.797709863576137	1
chr22	27160000	27180000	0.998224480893216	1
chr22	27160000	27185000	0.810346048280636	1
chr22	27165000	27185000	0.998788781023574	1
chr22	27165000	27190000	0.813054762227488	1
chr22	27170000	27190000	0.998675457420003	1
chr22	27170000	27195000	0.813217802365246	1
chr22	27170000	27200000	0.801508016127224	1
chr22	27180000	27210000	0.788397031169462	1
chr22	27180000	27215000	0.592327416790262	1
chr22	27180000	27220000	0.570407109306323	1
chr22	27180000	27225000	0.430732516496041	1
chr22	27180000	27235000	0.326078492279761	1
chr22	27185000	27205000	0.998205565056166	1
chr22	27185000	27210000	0.79058928885793	1
chr22	27185000	27220000	0.559461082677481	1
chr22	27185000	27225000	0.437692210919516	1
chr22	27190000	27210000	0.998492145384314	1
chr22	27190000	27215000	0.804657558144458	1
chr22	27195000	27220000	0.811561173186229	1
chr22	27200000	27225000	0.813615912241476	1
chr22	27205000	27225000	0.998589800091486	1
chr22	27205000	27230000	0.813413986932315	1
chr22	27210000	27230000	0.998477958558171	1
chr22	27210000	27235000	0.81319895106292	1
chr22	27210000	27360000	0.157963203743375	1
chr22	27215000	27240000	0.811518360576637	1
chr22	27220000	27245000	0.806731567215028	1
chr22	27220000	27255000	0.589905222045087	1
chr22	27220000	27260000	0.441754345563032	1
chr22	27225000	27250000	0.802842202972439	1
chr22	27230000	27260000	0.791858806807867	1
chr22	27230000	27270000	0.440005710622704	1
chr22	27235000	27260000	0.800618636316167	1
chr22	27235000	27300000	0.329604143736436	1
chr22	27250000	27275000	0.804518058771184	1
chr22	27250000	27320000	0.316645313669984	1
chr22	27255000	27280000	0.814818580754235	1
chr22	27255000	27290000	0.589845611028607	1
chr22	27260000	27280000	0.998151196501885	1
chr22	27260000	27285000	0.815245934896515	1
chr22	27260000	27290000	0.807065105996748	1
chr22	27260000	27295000	0.589013747375366	1
chr22	27265000	27300000	0.57742424370732	1
chr22	27275000	27300000	0.806307015768748	1
chr22	27275000	27335000	0.31932184294548	1
chr22	27275000	27340000	0.268154880515692	1
chr22	27280000	27300000	0.998494806293408	1
chr22	27280000	27305000	0.815909831344129	1
chr22	27280000	27320000	0.558643226779117	1
chr22	27285000	27315000	0.814794312716816	1
chr22	27285000	27360000	0.422663229340492	1
chr22	27295000	27315000	0.998440682209508	1
chr22	27295000	27320000	0.812347087366603	1
chr22	27300000	27320000	0.998490353602728	1
chr22	27300000	27345000	0.438071420995378	1
chr22	27300000	27360000	0.326043480935635	1
chr22	27305000	27340000	0.591656928127626	1
chr22	27305000	27360000	0.423115381989131	1
chr22	27310000	27345000	0.587891835086994	1
chr22	27310000	27355000	0.439104246176161	1
chr22	27310000	27385000	0.259953976112036	1
chr22	27315000	27335000	0.99844986287471	1
chr22	27315000	27340000	0.814185472963676	1
chr22	27315000	27360000	0.43184827473264	1
chr22	27315000	27400000	0.211348364575689	1
chr22	27320000	27345000	0.809244863474493	1
chr22	27320000	27350000	0.817022887248148	1
chr22	27320000	27365000	0.395760150562051	1
chr22	27325000	27345000	0.998374950183854	1
chr22	27325000	27350000	0.813270445324458	1
chr22	27325000	27365000	0.439638868294002	1
chr22	27330000	27355000	0.81243384775679	1
chr22	27330000	27365000	0.592378243267382	1
chr22	27335000	27360000	0.816531482616544	1
chr22	27340000	27360000	0.998325285389255	1
chr22	27340000	27365000	0.998357000658394	1
chr22	27345000	27365000	0.998241080974616	1
chr22	27345000	27385000	0.437200979225585	1
chr22	27350000	27370000	0.998244667571183	1
chr22	27350000	27375000	0.807588560591532	1
chr22	27355000	27375000	0.998251421688275	1
chr22	27360000	27385000	0.808337223736775	1
chr22	27360000	27400000	0.440160401164626	1
chr22	27360000	27615000	0.11130174579691	1
chr22	27365000	27385000	0.99868423487572	1
chr22	27365000	27390000	0.80018854318418	1
chr22	27370000	27390000	0.998517283307801	1
chr22	27375000	27395000	0.998017178689814	1
chr22	27380000	27400000	0.998433004939387	1
chr22	27385000	27450000	0.272712505797029	1
chr22	27395000	27415000	0.998511625514479	1
chr22	27400000	27420000	0.998393578872188	1
chr22	27400000	27425000	0.808959247984224	1
chr22	27415000	27440000	0.812335547074482	1
chr22	27420000	27445000	0.81220235940345	1
chr22	27420000	27465000	0.405383185734164	1
chr22	27425000	27460000	0.57992822686164	1
chr22	27430000	27455000	0.806868965454019	1
chr22	27435000	27455000	0.998517142846236	1
chr22	27440000	27460000	0.998115958888725	1
chr22	27440000	27465000	0.814375049977283	1
chr22	27445000	27475000	0.807898031410585	1
chr22	27455000	27475000	0.998628405902772	1
chr22	27460000	27485000	0.810740702377894	1
chr22	27465000	27490000	0.796326197942441	1
chr22	27470000	27490000	0.998502502905646	1
chr22	27470000	27495000	0.793690305270807	1
chr22	27475000	27495000	0.998466331297971	1
chr22	27475000	27500000	0.78976273302933	1
chr22	27480000	27505000	0.800080185975512	1
chr22	27480000	27515000	0.582690627249206	1
chr22	27490000	27510000	0.998060676155193	1
chr22	27490000	27515000	0.813843868756274	1
chr22	27490000	27535000	0.435939403788294	1
chr22	27505000	27525000	0.998527700118286	1
chr22	27505000	27530000	0.812680902926673	1
chr22	27510000	27530000	0.998301394492229	1
chr22	27510000	27535000	0.813638831949436	1
chr22	27510000	27540000	0.792835435813607	1
chr22	27520000	27540000	0.997850722403269	1
chr22	27525000	27550000	0.813815525901969	1
chr22	27530000	27550000	0.998172490452175	1
chr22	27530000	27555000	0.808962692399647	1
chr22	27535000	27620000	0.20888564544197	1
chr22	27540000	27560000	0.998333831429481	1
chr22	27540000	27565000	0.810978612490967	1
chr22	27545000	27565000	0.998539588376454	1
chr22	27550000	27575000	0.808714667548712	1
chr22	27560000	27585000	0.800472574397235	1
chr22	27580000	27600000	0.998400232348287	1
chr22	27580000	27605000	0.812391547990772	1
chr22	27590000	27610000	0.998079022058796	1
chr22	27590000	27615000	0.813191033747778	1
chr22	27595000	27620000	0.795315748357151	1
chr22	27600000	27625000	0.811834967807172	1
chr22	27605000	27635000	0.805923668105932	1
chr22	27620000	27645000	0.802620744052771	1
chr22	27630000	27675000	0.424078919499164	1
chr22	27630000	27710000	0.249848230411345	1
chr22	27635000	27670000	0.588931953085993	1
chr22	27660000	27680000	0.998235231803177	1
chr22	27660000	27685000	0.812420025834136	1
chr22	27685000	27705000	0.99837684701574	1
chr22	27685000	27710000	0.807551608416542	1
chr22	27690000	27715000	0.795345764912462	1
chr22	27695000	27720000	0.7981474796	1
chr22	27705000	27725000	0.998369333250799	1
chr22	27715000	27735000	0.997966667962292	1
chr22	27720000	27740000	0.998283483728224	1
chr22	27745000	27765000	0.99820958699297	1
chr22	27745000	27795000	0.408211161174771	1
chr22	27765000	27790000	0.802778715807696	1
chr22	27850000	27870000	0.998341610282359	1
chr22	27865000	27995000	0.17890134013592	1
chr22	27865000	28000000	0.226116439898919	1
chr22	27865000	28005000	0.264411361015892	1
chr22	27865000	28010000	0.196939261745051	1
chr22	27870000	28010000	0.189848170132823	1
chr22	27875000	27895000	0.998477513738583	1
chr22	27875000	27900000	0.813872989403513	1
chr22	27875000	27910000	0.581333632747554	1
chr22	27875000	27915000	0.592236072405539	1
chr22	27875000	27920000	0.406169392216002	1
chr22	27875000	27925000	0.579172325539618	1
chr22	27875000	27935000	0.33460010620145	1
chr22	27875000	27945000	0.258488496477108	1
chr22	27875000	27990000	0.220285905587629	1
chr22	27875000	28000000	0.321083115700709	1
chr22	27875000	28005000	0.433636117484458	1
chr22	27875000	28010000	0.328834495266656	1
chr22	27875000	28015000	0.195947252553713	1
chr22	27880000	27900000	0.998235769494298	1
chr22	27880000	27905000	0.808289865604116	1
chr22	27880000	27910000	0.815797032505632	1
chr22	27880000	27915000	0.584133775170387	1
chr22	27880000	27920000	0.998441600761498	1
chr22	27880000	27925000	0.418965010119299	1
chr22	27880000	27935000	0.429959651264413	1
chr22	27880000	27945000	0.343233720707254	1
chr22	27880000	27960000	0.252756081852327	1
chr22	27880000	27975000	0.225275164951071	1
chr22	27880000	27980000	0.185078872986619	1
chr22	27880000	27985000	0.255010204410159	1
chr22	27880000	27990000	0.265875797335124	1
chr22	27880000	27995000	0.439449541303129	1
chr22	27880000	28000000	0.57770028745607	1
chr22	27880000	28005000	0.812542529488567	1
chr22	27880000	28010000	0.59027504145183	1
chr22	27880000	28015000	0.268839375519538	1
chr22	27885000	27905000	0.998652186690308	1
chr22	27885000	27910000	0.998415298659833	1
chr22	27885000	27915000	0.998404627311198	1
chr22	27885000	27920000	0.807828511973019	1
chr22	27885000	27940000	0.400250117215238	1
chr22	27885000	27945000	0.339445212532566	1
chr22	27885000	27965000	0.330056470693824	1
chr22	27885000	27970000	0.329642281620478	1
chr22	27885000	27975000	0.221255744711881	1
chr22	27885000	27980000	0.340092091213668	1
chr22	27885000	27985000	0.211452782278619	1
chr22	27885000	27990000	0.215220465766116	1
chr22	27885000	27995000	0.266213721739693	1
chr22	27885000	28000000	0.333002239351507	1
chr22	27885000	28005000	0.801915905303846	1
chr22	27885000	28010000	0.443339105906853	1
chr22	27885000	28015000	0.188119756266142	1
chr22	27890000	27910000	0.998974359499825	1
chr22	27890000	27915000	0.9983848194107	1
chr22	27890000	27920000	0.81163513498185	1
chr22	27890000	27925000	0.58589178348886	1
chr22	27890000	27930000	0.436552474181814	1
chr22	27890000	27935000	0.429263209135254	1
chr22	27890000	27990000	0.261520646519554	1
chr22	27890000	28000000	0.332970058804665	1
chr22	27890000	28005000	0.436776633083913	1
chr22	27890000	28010000	0.195242015440868	1
chr22	27895000	27915000	0.999999999999951	1
chr22	27895000	27920000	0.812765475317037	1
chr22	27895000	27995000	0.192134521305257	1
chr22	27900000	27920000	0.998266766680643	1
chr22	27905000	27925000	0.998608404681418	1
chr22	27905000	27985000	0.228111850087819	1
chr22	27920000	27940000	0.998053905994206	1
chr22	27920000	27950000	0.812886757689991	1
chr22	27920000	27965000	0.434941792194129	1
chr22	27920000	27975000	0.399165008814808	1
chr22	27920000	27990000	0.31543353121701	1
chr22	27920000	27995000	0.255079826691999	1
chr22	27920000	28005000	0.231743345029624	1
chr22	27925000	27945000	0.998362836810404	1
chr22	27925000	27960000	0.581844923729175	1
chr22	27925000	28005000	0.227004349196042	1
chr22	27930000	27950000	0.998779643966549	1
chr22	27930000	27955000	0.812399034045005	1
chr22	27930000	27960000	0.793716218962018	1
chr22	27930000	27965000	0.591093787544637	1
chr22	27930000	27975000	0.432323482105374	1
chr22	27935000	27970000	0.580567698128252	1
chr22	27940000	27960000	0.998300424185067	1
chr22	27940000	27965000	0.998096922555434	1
chr22	27940000	27970000	0.809892842978919	1
chr22	27945000	27965000	0.998264334815751	1
chr22	27950000	27970000	0.998245775806181	1
chr22	27950000	27975000	0.807811160311745	1
chr22	27950000	27980000	0.808528536534247	1
chr22	27955000	27975000	0.998149276537722	1
chr22	27960000	27985000	0.814171352125199	1
chr22	27965000	28000000	0.560031116730449	1
chr22	27970000	27990000	0.998288179154706	1
chr22	28030000	28050000	0.998316412330573	1
chr22	28030000	28115000	0.219574848189808	1
chr22	28040000	28060000	0.998326700114122	1
chr22	28045000	28065000	0.998203061043884	1
chr22	28045000	28070000	0.806261029392783	1
chr22	28055000	28075000	0.998320216970076	1
chr22	28060000	28080000	0.998231008971206	1
chr22	28070000	28090000	0.998249349722018	1
chr22	28070000	28095000	0.81140270259875	1
chr22	28080000	28100000	0.998368398057445	1
chr22	28085000	28110000	0.811369801265914	1
chr22	28090000	28115000	0.809011306583748	1
chr22	28095000	28115000	0.998207075717601	1
chr22	25585000	25625000	0.43646688240767	1
chr22	25630000	25670000	0.435999790765179	1
chr22	26070000	26110000	0.435742195829898	1
chr22	26095000	26135000	0.434275995601028	1
chr22	26965000	27005000	0.434071724005464	1
chr22	27310000	27350000	0.433714519309312	1
chr22	27480000	27520000	0.433558977666709	1
chr22	27930000	27970000	0.434113644820191	1
chr22	26030000	26080000	0.343886378980931	1
chr22	27535000	27590000	0.315166890041333	1
chr22	27310000	27375000	0.267240436451676	1
chr22	25555000	25635000	0.21944394137738	1
chr22	25595000	25690000	0.192077347213594	1
chr22	25550000	25650000	0.184171786654362	1
chr22	26540000	26650000	0.175583560113032	1
chr22	25545000	25660000	0.162006661849543	1
chr22	25540000	25705000	0.127206224869099	1
chr22	25555000	25720000	0.130046180023796	1
chr22	26495000	26660000	0.129797288216467	1
chr22	25465000	25650000	0.117912512139577	1
chr22	25470000	25670000	0.109195178145996	1
chr22	25475000	25680000	0.113065445912265	1
chr22	25515000	25720000	0.111658204677434	1
chr22	25465000	25680000	0.106539968459239	1
chr22	25465000	25685000	0.109503406063899	1
chr22	25910000	26130000	0.109244207339078	1
chr22	25545000	25770000	0.109934389057904	1
chr22	25470000	25725000	0.0972512102446869	1
chr22	25475000	25730000	0.0947948813637884	1
chr22	25455000	25735000	0.0990404512988609	1
chr22	25470000	25760000	0.107594643281388	1
chr22	25465000	25785000	0.0936432619441573	1
chr22	25085000	25135000	0.340612348125549	1
chr22	25265000	25315000	0.342068427649919	1
chr22	26000000	26050000	0.340384885800188	1
chr22	26390000	26455000	0.265681218289041	1
chr22	26555000	26630000	0.227649055038601	1
chr22	25555000	25640000	0.204398120705645	1
chr22	25080000	25175000	0.187286496830336	1
chr22	25920000	26015000	0.190028509935601	1
chr22	27290000	27385000	0.187198448867497	1
chr22	27890000	27985000	0.188232363551984	1
chr22	27905000	28000000	0.191249612627279	1
chr22	26545000	26645000	0.181396037091995	1
chr22	25235000	25345000	0.168098747628642	1
chr22	25575000	25695000	0.156011206766505	1
chr22	25530000	25700000	0.124680248245487	1
chr22	25495000	25670000	0.12231849899333	1
chr22	26475000	26665000	0.114072853068144	1
chr22	25530000	25775000	0.106349926057875	1
chr22	25450000	25720000	0.0979752001269793	1
chr22	25440000	25770000	0.0985738925744677	1
chr22	25895000	26330000	0.0970022834472603	1
chr22	25655000	25695000	0.432607566144337	1
chr22	26035000	26075000	0.433011765474608	1
chr22	26215000	26255000	0.433263687156581	1
chr22	26980000	27020000	0.433243220446272	1
chr22	27565000	27625000	0.281090592938101	1
chr22	25105000	25170000	0.261062341717145	1
chr22	25495000	25560000	0.262259131390434	1
chr22	26575000	26640000	0.263297166762541	1
chr22	27120000	27185000	0.262950329734195	1
chr22	27920000	27985000	0.258881672752752	1
chr22	26510000	26590000	0.215582279329381	1
chr22	27880000	27970000	0.194434176245661	1
chr22	25225000	25320000	0.183689410212836	1
chr22	25460000	25565000	0.169394730990631	1
chr22	25550000	25660000	0.165559133209615	1
chr22	25575000	25685000	0.166041208269933	1
chr22	25550000	25725000	0.118115406826887	1
chr22	25485000	25680000	0.108964287855276	1
chr22	25520000	25720000	0.107803511324142	1
chr22	25475000	25710000	0.104540122743726	1
chr22	25450000	25695000	0.103006446975407	1
chr22	25885000	26135000	0.0966064331833153	1
chr22	25465000	25730000	0.0976615721713713	1
chr22	25485000	25750000	0.097178729337093	1
chr22	25890000	26330000	0.0921303512528105	1
chr22	25605000	25645000	0.43134560885515	1
chr22	26170000	26210000	0.43220956565028	1
chr22	26410000	26450000	0.432126973527445	1
chr22	26595000	26635000	0.432211265000329	1
chr22	27690000	27730000	0.431313569263858	1
chr22	25235000	25320000	0.202833434736802	1
chr22	25550000	25670000	0.147966195696035	1
chr22	25490000	25725000	0.10243751930904	1
chr22	25470000	25740000	0.0953566390385764	1
chr22	25890000	26335000	0.0910253943403257	1
chr22	26435000	26475000	0.430792893633127	1
chr22	27940000	27980000	0.430911606522167	1
chr22	24975000	25025000	0.338011020441985	1
chr22	26400000	26450000	0.338928663075463	1
chr22	27415000	27465000	0.336633394003575	1
chr22	27925000	27975000	0.337602637633974	1
chr22	26395000	26475000	0.210722467259796	1
chr22	26490000	26615000	0.142360240169838	1
chr22	25530000	25705000	0.115595596013654	1
chr22	25475000	25670000	0.107784781995076	1
chr22	25555000	25770000	0.101604805891992	1
chr22	25465000	25725000	0.0953867005246204	1
chr22	25470000	25745000	0.0906151869824662	1
chr22	25450000	25780000	0.0922310826713854	1
chr22	25230000	25270000	0.428704660473689	1
chr22	27860000	27900000	0.428905705273564	1
chr22	26425000	26475000	0.334181575124452	1
chr22	27885000	27935000	0.33413740230165	1
chr22	25545000	25620000	0.224662315999796	1
chr22	25225000	25330000	0.164461485570809	1
chr22	27225000	27360000	0.136348993467523	1
chr22	25450000	25685000	0.101925142078174	1
chr22	25475000	25770000	0.0935345779915559	1
chr22	27555000	27595000	0.428157983067017	1
chr22	27720000	27760000	0.428508972554815	1
chr22	27920000	27960000	0.428413811982974	1
chr22	25245000	25295000	0.333265155429561	1
chr22	25605000	25655000	0.333355526315258	1
chr22	26410000	26460000	0.331226743123025	1
chr22	26530000	26580000	0.333262227770023	1
chr22	27270000	27320000	0.331554514315356	1
chr22	27565000	27615000	0.330962424633938	1
chr22	26535000	26660000	0.141956199470139	1
chr22	27870000	28000000	0.139082295552831	1
chr22	25530000	25715000	0.111893836808968	1
chr22	25475000	25705000	0.100505071185867	1
chr22	25455000	25745000	0.0916076910905199	1
chr22	25445000	25770000	0.0909596046104275	1
chr22	25460000	25785000	0.090703350676657	1
chr22	27205000	27245000	0.427862020151979	1
chr22	27890000	27940000	0.330128387520712	1
chr22	27895000	28005000	0.157642711124622	1
chr22	25575000	25690000	0.153560263693409	1
chr22	26495000	26620000	0.141437890113957	1
chr22	26170000	26320000	0.129519368491713	1
chr22	25540000	25710000	0.119605832616841	1
chr22	25470000	25715000	0.0985262254327923	1
chr22	24960000	25000000	0.426647193313891	1
chr22	25260000	25300000	0.423926162298336	1
chr22	25265000	25305000	0.426482225475968	1
chr22	25405000	25445000	0.424906128234109	1
chr22	25490000	25530000	0.424627156344356	1
chr22	25625000	25665000	0.426562854704895	1
chr22	26025000	26065000	0.426978119195542	1
chr22	26385000	26425000	0.42247852292118	1
chr22	26545000	26585000	0.42282388381621	1
chr22	26580000	26620000	0.427430183492196	1
chr22	27175000	27215000	0.425385541175198	1
chr22	27495000	27535000	0.424107966769345	1
chr22	27570000	27610000	0.427617773346489	1
chr22	25465000	25520000	0.301526327954621	1
chr22	27125000	27180000	0.300824297610618	1
chr22	27260000	27315000	0.30182250848062	1
chr22	27875000	27930000	0.301641905532718	1
chr22	25500000	25675000	0.112632579079508	1
chr22	25900000	26130000	0.0988057926986495	1
chr22	25455000	25690000	0.100477736030284	1
chr22	26380000	26455000	0.221082478424023	1
chr22	26525000	26620000	0.176615417731269	1
chr22	25470000	25695000	0.100503353268891	1
chr22	25535000	25765000	0.0975752363486731	1
chr22	27350000	27585000	0.099624212196953	1
chr22	25495000	25740000	0.0973983372774664	1
chr22	24985000	25035000	0.326466523024946	1
chr22	25985000	26045000	0.27350966561346	1
chr22	25545000	25630000	0.197117640389475	1
chr22	26550000	26635000	0.19735960529758	1
chr22	25500000	25670000	0.118205358876733	1
chr22	25450000	25715000	0.092220220981989	1
chr22	27205000	27355000	0.125845247205286	1
chr22	27845000	28010000	0.117905729512299	1
chr22	25440000	25765000	0.0882230862074183	1
chr22	27515000	27545000	0.598789317450274	1
chr22	27945000	27975000	0.599230165005878	1
chr22	25290000	25330000	0.421557290123224	1
chr22	26525000	26635000	0.155713750012083	1
chr22	26495000	26625000	0.136190849466832	1
chr22	25480000	25710000	0.0962542179559651	1
chr22	27290000	27565000	0.0885945539855013	1
chr22	25445000	25780000	0.0883407838315342	1
chr22	25255000	25315000	0.271476968760827	1
chr22	24960000	25035000	0.217979762361462	1
chr22	25215000	25335000	0.144252505651862	1
chr22	27935000	27975000	0.42126312044816	1
chr22	27185000	27260000	0.217940709182501	1
chr22	27900000	27975000	0.217908604022532	1
chr22	25200000	25320000	0.143006580754271	1
chr22	27325000	27490000	0.116421570978623	1
chr22	25505000	25700000	0.103718385175857	1
chr22	25095000	25160000	0.249270428857459	1
chr22	25455000	25540000	0.193635341912656	1
chr22	25575000	25665000	0.186992530326809	1
chr22	25480000	25660000	0.108234284690303	1
chr22	25500000	25690000	0.10679454004554	1
chr22	25510000	25700000	0.106138572922715	1
chr22	25930000	26120000	0.106563581551872	1
chr22	25540000	25760000	0.099581424826771	1
chr22	26090000	26130000	0.420463608499167	1
chr22	27245000	27305000	0.270076925376464	1
chr22	26515000	26620000	0.160311957813356	1
chr22	25610000	25640000	0.596914554351661	1
chr22	26035000	26065000	0.595743994953183	1
chr22	27070000	27100000	0.596102039364787	1
chr22	27135000	27165000	0.595199181998484	1
chr22	25485000	25740000	0.0905882872085254	1
chr22	26510000	26585000	0.216395187976686	1
chr22	25240000	25330000	0.185161359781212	1
chr22	25080000	25120000	0.420096671545752	1
chr22	27200000	27250000	0.324546378823836	1
chr22	27440000	27490000	0.324562374376071	1
chr22	25250000	25310000	0.268998043661629	1
chr22	26170000	26325000	0.119756447373749	1
chr22	25560000	25675000	0.147702644146394	1
chr22	26535000	26575000	0.418901731423381	1
chr22	27865000	27905000	0.418823694369238	1
chr22	25590000	25665000	0.214769658052274	1
chr22	26540000	26625000	0.191106340218111	1
chr22	27180000	27285000	0.159703531149043	1
chr22	27680000	27710000	0.594525279931615	1
chr22	25505000	25740000	0.0945500627317478	1
chr22	24975000	25035000	0.267662742900718	1
chr22	26405000	26465000	0.268242125328752	1
chr22	26595000	26625000	0.594209442682187	1
chr22	27360000	27390000	0.594097064579566	1
chr22	27615000	27645000	0.594130981415792	1
chr22	27635000	27665000	0.593808203387692	1
chr22	25465000	25675000	0.0978896739367207	1
chr22	27245000	27310000	0.247109350298812	1
chr22	25575000	25680000	0.15869449151715	1
chr22	26545000	26650000	0.15752806686007	1
chr22	25895000	26345000	0.0833611505511769	1
chr22	25660000	25690000	0.593324151226111	1
chr22	25500000	25705000	0.0999274965591055	1
chr22	25530000	25735000	0.0999167562367912	1
chr22	26535000	26640000	0.157040168329029	1
chr22	27890000	27995000	0.157303142269879	1
chr22	25475000	25775000	0.0859070260231744	1
chr22	27420000	27575000	0.118176948037206	1
chr22	25265000	25295000	0.593184676006418	1
chr22	27325000	27355000	0.593065323166306	1
chr22	27585000	27615000	0.593070183332625	1
chr22	25475000	25740000	0.0900662393494461	1
chr22	25490000	25680000	0.103084225579657	1
chr22	26580000	26650000	0.228973429596257	1
chr22	27875000	27995000	0.140104809190359	1
chr22	25520000	25670000	0.121535229359808	1
chr22	25530000	25685000	0.117700972717821	1
chr22	26115000	26165000	0.321220732129358	1
chr22	26155000	26205000	0.32149384074662	1
chr22	27405000	27455000	0.321225957514532	1
chr22	26130000	26190000	0.26613155329761	1
chr22	26560000	26620000	0.266266003524602	1
chr22	26010000	26080000	0.228244799682562	1
chr22	25485000	25705000	0.0965700412221797	1
chr22	26505000	26590000	0.189649119869042	1
chr22	26510000	26605000	0.17255103970847	1
chr22	26375000	26455000	0.200846917683417	1
chr22	25495000	25755000	0.0890503963092674	1
chr22	26865000	26905000	0.413999115168235	1
chr22	25475000	25560000	0.18888557130007	1
chr22	25565000	25595000	0.592460349002178	1
chr22	27720000	27750000	0.592492293124792	1
chr22	27000000	27070000	0.227238783598321	1
chr22	25250000	25325000	0.212606310826488	1
chr22	24965000	25045000	0.200486167475765	1
chr22	25480000	25695000	0.0960903548529673	1
chr22	25545000	25655000	0.149544306326219	1
chr22	25905000	26320000	0.0831387802720587	1
chr22	25490000	25720000	0.0922734048564986	1
chr22	27415000	27445000	0.592255021413321	1
chr22	27500000	27530000	0.592151368997754	1
chr22	27425000	27465000	0.413024191099292	1
chr22	25600000	25670000	0.226988617563722	1
chr22	28070000	28100000	0.592103966394687	1
chr22	27200000	27300000	0.162588515017714	1
chr22	25460000	25740000	0.0859927642841352	1
chr22	25100000	25130000	0.59184238157939	1
chr22	27765000	27795000	0.591829470192581	1
chr22	27050000	27100000	0.319592897397072	1
chr22	25210000	25330000	0.138506158092623	1
chr22	26580000	26610000	0.591476571929844	1
chr22	26955000	26985000	0.591684274089935	1
chr22	27000000	27030000	0.591403231944244	1
chr22	27100000	27130000	0.591436123182264	1
chr22	27565000	27595000	0.591221606805818	1
chr22	28060000	28090000	0.59157903136669	1
chr22	26390000	26450000	0.264673998770286	1
chr22	27125000	27155000	0.590589115564265	1
chr22	27150000	27180000	0.590642871389807	1
chr22	26515000	26655000	0.124917819846587	1
chr22	26490000	26665000	0.107031608280289	1
chr22	25560000	25645000	0.187124722685322	1
chr22	26365000	26450000	0.187500818554665	1
chr22	25500000	25720000	0.0943332153679681	1
chr22	25080000	25160000	0.198837590085198	1
chr22	25460000	25545000	0.186868825307932	1
chr22	25500000	25685000	0.102831554309944	1
chr22	25555000	25680000	0.134436778081529	1
chr22	25135000	25165000	0.590451387152982	1
chr22	27545000	27575000	0.590223275779449	1
chr22	26510000	26665000	0.115667060266161	1
chr22	25470000	25560000	0.178878755866304	1
chr22	26505000	26600000	0.169882446756512	1
chr22	26000000	26030000	0.590210446017233	1
chr22	25560000	25685000	0.134095804895224	1
chr22	26525000	26660000	0.1257383946596	1
chr22	25515000	25760000	0.0892196515413527	1
chr22	27900000	27985000	0.186483763732987	1
chr22	25465000	25645000	0.103974639265151	1
chr22	26610000	26640000	0.589734155945124	1
chr22	27525000	27555000	0.590034985099024	1
chr22	27860000	28005000	0.121474231740633	1
chr22	25505000	25760000	0.0873958649295641	1
chr22	24970000	25040000	0.224701504925143	1
chr22	25260000	25330000	0.224754877864533	1
chr22	26405000	26475000	0.224739580194556	1
chr22	27135000	27310000	0.106417390320712	1
chr22	26510000	26580000	0.224034127366945	1
chr22	26700000	26730000	0.589168501776417	1
chr22	25550000	25705000	0.114746259770681	1
chr22	25490000	25775000	0.085032208719439	1
chr22	25550000	25760000	0.0947578658136998	1
chr22	25670000	25700000	0.588867982315335	1
chr22	25450000	25710000	0.0874626110841561	1
chr22	25485000	25685000	0.0973850305317735	1
chr22	25450000	25785000	0.0812413626541926	1
chr22	25535000	25665000	0.129561802102307	1
chr22	25455000	25720000	0.0868597769747375	1
chr22	27350000	27380000	0.588509107851994	1
chr22	27665000	27695000	0.588462814374372	1
chr22	25520000	25710000	0.099270609248533	1
chr22	26555000	26635000	0.196560320664119	1
chr22	25540000	25775000	0.0899938088293103	1
chr22	27900000	28010000	0.147741278374462	1
chr22	25875000	26140000	0.0865971495360209	1
chr22	25540000	25715000	0.105056022967891	1
chr22	24980000	25010000	0.588096432191672	1
chr22	25260000	25290000	0.588087143480107	1
chr22	25480000	25510000	0.588007862678487	1
chr22	26005000	26035000	0.588226833416248	1
chr22	26550000	26580000	0.588131474540478	1
chr22	25210000	25325000	0.141354120488873	1
chr22	25715000	25745000	0.587277507723756	1
chr22	26980000	27010000	0.587227449303486	1
chr22	27175000	27205000	0.587218558141742	1
chr22	27450000	27480000	0.587309251058943	1
chr22	25095000	25145000	0.317210763507863	1
chr22	27375000	27405000	0.587166408566483	1
chr22	24965000	25025000	0.261946330203275	1
chr22	25595000	25665000	0.222516016858234	1
chr22	27470000	27540000	0.222485867608168	1
chr22	27200000	27230000	0.587093194104438	1
chr22	26525000	26630000	0.152224936466624	1
chr22	25915000	26145000	0.0897989315622508	1
chr22	25505000	25725000	0.0924009321056549	1
chr22	25410000	25440000	0.586802600082142	1
chr22	26585000	26615000	0.586811268563509	1
chr22	27925000	27955000	0.586794930343458	1
chr22	25600000	25700000	0.159234405540066	1
chr22	26490000	26635000	0.120013577580447	1
chr22	25905000	25935000	0.586577415246161	1
chr22	26115000	26145000	0.586406317001618	1
chr22	26415000	26445000	0.586363370334949	1
chr22	26545000	26575000	0.586449274122756	1
chr22	27115000	27145000	0.586502973235883	1
chr22	27700000	27730000	0.586700733916357	1
chr22	25455000	25660000	0.095447582425285	1
chr22	25225000	25255000	0.586175022583223	1
chr22	27365000	27395000	0.586096220843295	1
chr22	25490000	25710000	0.0919089139456275	1
chr22	26185000	26215000	0.585777679207961	1
chr22	26440000	26470000	0.586006965562361	1
chr22	27435000	27465000	0.585475369116602	1
chr22	26520000	26580000	0.260673085522497	1
chr22	26550000	26645000	0.1663578358995	1
chr22	27850000	28005000	0.112481316216925	1
chr22	26515000	26625000	0.146550180839339	1
chr22	25115000	25155000	0.406995277858616	1
chr22	25480000	25740000	0.0852613582020998	1
chr22	25485000	25610000	0.131328761062469	1
chr22	26220000	26250000	0.585186629413844	1
chr22	26430000	26460000	0.585326438706781	1
chr22	26535000	26565000	0.585196536349961	1
chr22	25550000	25635000	0.183170728730102	1
chr22	26485000	26670000	0.0998158406735565	1
chr22	27100000	27180000	0.194366845227495	1
chr22	25545000	25675000	0.127758801037032	1
chr22	25510000	25725000	0.0921719957469745	1
chr22	25560000	25670000	0.146108286529134	1
chr22	27030000	27060000	0.584852676029108	1
chr22	27240000	27270000	0.584800233875814	1
chr22	25455000	25655000	0.0955199412031723	1
chr22	26070000	26100000	0.584606580551549	1
chr22	28075000	28105000	0.584134053134626	1
chr22	27875000	27970000	0.165289998629341	1
chr22	25995000	26025000	0.583731589956456	1
chr22	25460000	25680000	0.0903751969109271	1
chr22	25255000	25285000	0.583645421246692	1
chr22	25960000	25990000	0.583523136618765	1
chr22	26400000	26430000	0.583460562519769	1
chr22	27330000	27360000	0.583530832787933	1
chr22	25635000	25665000	0.583309025243367	1
chr22	26715000	26745000	0.583198057650421	1
chr22	25900000	26070000	0.105406718807609	1
chr22	25495000	25525000	0.583092831302492	1
chr22	25535000	25705000	0.105174150605287	1
chr22	25540000	25755000	0.0913606433059018	1
chr22	25490000	25750000	0.0840456903908471	1
chr22	26485000	26515000	0.582951852828366	1
chr22	25495000	25745000	0.0850646974877101	1
chr22	25085000	25170000	0.181918164860084	1
chr22	25540000	25720000	0.100630856289765	1
chr22	27575000	27685000	0.145099415587796	1
chr22	25525000	25680000	0.111392773565118	1
chr22	27795000	27825000	0.582560150487016	1
chr22	26065000	26105000	0.405440478753985	1
chr22	25560000	25745000	0.098850648087886	1
chr22	27015000	27045000	0.582452067844297	1
chr22	25095000	25125000	0.582345134157337	1
chr22	27315000	27345000	0.582400443481764	1
chr22	25540000	25685000	0.117146810066884	1
chr22	26520000	26665000	0.117171671839932	1
chr22	25515000	25755000	0.0873518508129748	1
chr22	27620000	27650000	0.581990890693046	1
chr22	25915000	25995000	0.192291487575992	1
chr22	26555000	26585000	0.581951003496443	1
chr22	26535000	26630000	0.164137326115887	1
chr22	25895000	26050000	0.110796756394912	1
chr22	25480000	25755000	0.0820164425868171	1
chr22	26015000	26045000	0.58177992327491	1
chr22	27885000	27925000	0.404600038828011	1
chr22	25500000	25765000	0.0832370630912279	1
chr22	26545000	26615000	0.218164224648663	1
chr22	26390000	26420000	0.581672089137834	1
chr22	26545000	26625000	0.191618662892017	1
chr22	26210000	26240000	0.58154025762353	1
chr22	25490000	25520000	0.581401181770301	1
chr22	25555000	25625000	0.217841177964751	1
chr22	26555000	26625000	0.217711854309447	1
chr22	25160000	25190000	0.581126648991621	1
chr22	26035000	26125000	0.172254793184272	1
chr22	27860000	27995000	0.120907174984679	1
chr22	25480000	25685000	0.0932511755936697	1
chr22	25520000	25680000	0.107532423358017	1
chr22	24965000	24995000	0.580773998166467	1
chr22	27685000	27715000	0.58056822157418	1
chr22	25445000	25775000	0.0777627690073477	1
chr22	25470000	25780000	0.0786003304201907	1
chr22	25490000	25695000	0.093159179685447	1
chr22	25485000	25760000	0.081286343712427	1
chr22	26110000	26170000	0.256667695750971	1
chr22	26400000	26470000	0.217120725829378	1
chr22	25495000	25695000	0.0940609983685019	1
chr22	27090000	27145000	0.280507141638409	1
chr22	25500000	25530000	0.579888384076411	1
chr22	25555000	25715000	0.107070200461209	1
chr22	25545000	25765000	0.0883591729189966	1
chr22	25490000	25700000	0.0909153559137829	1
chr22	27070000	27110000	0.402620493047949	1
chr22	27875000	27980000	0.148377995150443	1
chr22	27130000	27310000	0.0990130538985232	1
chr22	27195000	27330000	0.120290523919394	1
chr22	27120000	27150000	0.579537633398339	1
chr22	25550000	25665000	0.137705985252464	1
chr22	27150000	27210000	0.255572480171716	1
chr22	25230000	25325000	0.162330274720202	1
chr22	24980000	25050000	0.216256345031723	1
chr22	25365000	25425000	0.255539605591823	1
chr22	25240000	25340000	0.154231072346951	1
chr22	25500000	25680000	0.098716755029449	1
chr22	25465000	25665000	0.0931480567877844	1
chr22	27425000	27455000	0.57903495834839	1
chr22	27575000	27605000	0.57892075533102	1
chr22	26475000	26645000	0.102537265155351	1
chr22	25575000	25710000	0.119772730341076	1
chr22	25885000	26130000	0.0838283589160994	1
chr22	25500000	25770000	0.0810300101292563	1
chr22	26390000	26445000	0.279331457644927	1
chr22	27650000	27680000	0.578550409488292	1
chr22	25260000	25325000	0.233767798073045	1
chr22	25485000	25665000	0.098053605156316	1
chr22	26010000	26040000	0.578486369021434	1
chr22	26170000	26200000	0.57847311196362	1
chr22	26015000	26165000	0.111813216959912	1
chr22	27960000	27990000	0.578362626496935	1
chr22	26375000	26470000	0.161469412646915	1
chr22	27860000	28010000	0.111694762720151	1
chr22	26115000	26270000	0.108596723585024	1
chr22	25470000	25665000	0.0932738709283453	1
chr22	25490000	25670000	0.0977732173552703	1
chr22	26530000	26635000	0.146895321205992	1
chr22	27900000	28005000	0.146841629414882	1
chr22	25295000	25325000	0.577746232355128	1
chr22	25895000	26140000	0.0833468551617092	1
chr22	26395000	26650000	0.0823530060506159	1
chr22	27530000	27560000	0.57748178058702	1
chr22	25595000	25675000	0.188866225090595	1
chr22	25480000	25560000	0.188849397982581	1
chr22	24960000	25030000	0.214746402832125	1
chr22	26065000	26095000	0.577451650620027	1
chr22	25910000	26030000	0.131403398432917	1
chr22	27470000	27500000	0.577388655132283	1
chr22	25465000	25660000	0.0930333300914229	1
chr22	27195000	27225000	0.577288507885881	1
chr22	27485000	27515000	0.577062495362978	1
chr22	25510000	25715000	0.0912446409169033	1
chr22	25385000	25415000	0.576834535968264	1
chr22	26600000	26630000	0.576891592993216	1
chr22	26470000	26655000	0.0955599679700341	1
chr22	25540000	25665000	0.126991097592044	1
chr22	27565000	27695000	0.123212002796914	1
chr22	25515000	25690000	0.0995809443874554	1
chr22	27265000	27305000	0.400226916016755	1
chr22	27190000	27220000	0.576738999139602	1
chr22	24970000	25035000	0.232393917873296	1
chr22	25015000	25045000	0.576343093181453	1
chr22	24960000	25015000	0.27723909206134	1
chr22	27870000	28015000	0.113253572859942	1
chr22	25500000	25750000	0.0819280516688142	1
chr22	25205000	25340000	0.118461678212492	1
chr22	27065000	27095000	0.57599524693726	1
chr22	25080000	25130000	0.307558681667682	1
chr22	25495000	25750000	0.0814664762170292	1
chr22	25980000	26010000	0.575893322532394	1
chr22	25525000	25735000	0.0888345404021937	1
chr22	26530000	26620000	0.16853453386614	1
chr22	27575000	27630000	0.276579664853457	1
chr22	26360000	26470000	0.140362519957541	1
chr22	27400000	27495000	0.160368240310745	1
chr22	27255000	27390000	0.118186880822092	1
chr22	25885000	26160000	0.0788103821595883	1
chr22	25470000	25735000	0.0804737009637868	1
chr22	26485000	26630000	0.112526784837516	1
chr22	26475000	26660000	0.0946582171090221	1
chr22	25415000	25445000	0.574897500298343	1
chr22	25520000	25675000	0.106955861205832	1
chr22	25455000	25665000	0.0884305010597487	1
chr22	25870000	26330000	0.0746613895445513	1
chr22	26575000	26635000	0.250831809288365	1
chr22	26585000	26650000	0.230752041949593	1
chr22	25560000	25620000	0.250703520502854	1
chr22	25245000	25325000	0.186689051784919	1
chr22	26970000	27020000	0.306350698223085	1
chr22	25585000	25640000	0.275768894599994	1
chr22	25555000	25620000	0.230587561832552	1
chr22	27925000	27980000	0.275671899522515	1
chr22	26025000	26055000	0.574277984243688	1
chr22	27850000	28000000	0.109333098908656	1
chr22	27595000	27745000	0.109310949065937	1
chr22	25235000	25280000	0.34532211094831	1
chr22	26530000	26585000	0.275426304482762	1
chr22	25570000	25660000	0.167293177162707	1
chr22	26570000	26655000	0.175780141616826	1
chr22	27110000	27140000	0.573911437127822	1
chr22	25475000	25720000	0.0817868572212792	1
chr22	27055000	27085000	0.573863178412921	1
chr22	27065000	27160000	0.159030294839858	1
chr22	25535000	25690000	0.106267963209992	1
chr22	25915000	26115000	0.0899559492581646	1
chr22	25475000	25745000	0.078476079921727	1
chr22	27225000	27280000	0.274870031203376	1
chr22	25450000	25725000	0.0779268909669273	1
chr22	26555000	26650000	0.158771096592539	1
chr22	26495000	26610000	0.133580108198359	1
chr22	25270000	25335000	0.229303316838672	1
chr22	27055000	27340000	0.0771613591491424	1
chr22	27255000	27460000	0.0886636985650246	1
chr22	27110000	27230000	0.128632181844441	1
chr22	26090000	26190000	0.150266263892864	1
chr22	27040000	27070000	0.572954939765998	1
chr22	25130000	25160000	0.572852203407071	1
chr22	25570000	25715000	0.110749358112072	1
chr22	24960000	25055000	0.158307212635582	1
chr22	25615000	25645000	0.572797849111154	1
chr22	26020000	26100000	0.184743111700991	1
chr22	26510000	26610000	0.149915368944073	1
chr22	27505000	27535000	0.572413953478666	1
chr22	26845000	26990000	0.11042653248436	1
chr22	25515000	25710000	0.0907817370259447	1
chr22	27150000	27260000	0.138231175661852	1
chr22	25530000	25770000	0.0818945403853891	1
chr22	27870000	28005000	0.116101539090176	1
chr22	26525000	26605000	0.184410274472191	1
chr22	25650000	25695000	0.343386645461339	1
chr22	25555000	25760000	0.0880348842281513	1
chr22	25600000	25645000	0.343281935907394	1
chr22	25530000	25690000	0.102166080601374	1
chr22	27245000	27340000	0.15745705965387	1
chr22	27260000	27355000	0.157256661076003	1
chr22	25505000	25695000	0.0914361623040497	1
chr22	25880000	26035000	0.10458565307713	1
chr22	27950000	27995000	0.342888056257795	1
chr22	25485000	25675000	0.0913259500988515	1
chr22	25230000	25310000	0.183829556053246	1
chr22	25535000	25775000	0.081606469256016	1
chr22	27895000	27940000	0.342724625718303	1
chr22	27850000	27990000	0.112506734662355	1
chr22	25990000	26130000	0.112363134772437	1
chr22	26490000	26630000	0.112308947512371	1
chr22	26995000	27050000	0.272704660210353	1
chr22	27515000	27690000	0.0963491731288312	1
chr22	28065000	28095000	0.570905533037108	1
chr22	25915000	26230000	0.0744631836554877	1
chr22	24995000	25025000	0.570750202103715	1
chr22	25875000	26330000	0.0725341569785493	1
chr22	25115000	25160000	0.342008532123959	1
chr22	27870000	27900000	0.570691953257927	1
chr22	26550000	26660000	0.137207944022725	1
chr22	26145000	26245000	0.148821013074797	1
chr22	27140000	27260000	0.127168909937419	1
chr22	25555000	25755000	0.0882931659240135	1
chr22	25480000	25545000	0.22721016217368	1
chr22	25645000	25690000	0.341695372436816	1
chr22	25545000	25760000	0.0846635652299927	1
chr22	25230000	25320000	0.16457900621796	1
chr22	26085000	26130000	0.34152618701548	1
chr22	27075000	27140000	0.226669750372026	1
chr22	27925000	27990000	0.226608692987378	1
chr22	26430000	26655000	0.0822695082484714	1
chr22	26045000	26250000	0.0870575427665052	1
chr22	26675000	26705000	0.569504715157286	1
chr22	27895000	27975000	0.182533458900334	1
chr22	25230000	25275000	0.341159167128585	1
chr22	25720000	25750000	0.569321621405639	1
chr22	26365000	26455000	0.164207988837844	1
chr22	26100000	26280000	0.0935846231450431	1
chr22	25880000	26200000	0.0731621229377028	1
chr22	27295000	27340000	0.340971992897034	1
chr22	27150000	27320000	0.0974593106964655	1
chr22	25435000	25760000	0.0729733796230166	1
chr22	27560000	27685000	0.122093070613149	1
chr22	25460000	25575000	0.131020760065135	1
chr22	25525000	25710000	0.0916220400577516	1
chr22	27510000	27555000	0.340725660098361	1
chr22	26520000	26585000	0.225949246023948	1
chr22	26520000	26550000	0.568797320994941	1
chr22	27395000	27460000	0.225780710693709	1
chr22	25445000	25730000	0.0753474351810162	1
chr22	25555000	25740000	0.0914408087594645	1
chr22	25470000	25750000	0.0753210167696106	1
chr22	25490000	25755000	0.0772773476827562	1
chr22	27940000	27985000	0.340292350314327	1
chr22	25475000	25660000	0.0913221136740222	1
chr22	25470000	25685000	0.0837148531484111	1
chr22	25510000	25760000	0.0782195099852151	1
chr22	27900000	28000000	0.147467316224377	1
chr22	27345000	27390000	0.339892993215868	1
chr22	26525000	26625000	0.147213444629094	1
chr22	27535000	27685000	0.105361201649726	1
chr22	25905000	26040000	0.114149900784078	1
chr22	25240000	25295000	0.269827788174901	1
chr22	25510000	25675000	0.0982367422839416	1
chr22	27520000	27565000	0.339511623446759	1
chr22	25470000	25710000	0.0797558606168468	1
chr22	27495000	27610000	0.12995326422491	1
chr22	25365000	25420000	0.269669437718044	1
chr22	27360000	27635000	0.0752367652135942	1
chr22	25090000	25120000	0.567109031793369	1
chr22	25450000	25735000	0.0745195054978786	1
chr22	25510000	25665000	0.10241661643101	1
chr22	27285000	27375000	0.162447922127622	1
chr22	26030000	26145000	0.129739155150119	1
chr22	25550000	25605000	0.269332152072094	1
chr22	25555000	25750000	0.0879680160688596	1
chr22	25620000	25670000	0.299505604450885	1
chr22	27175000	27245000	0.207023575816672	1
chr22	27215000	27315000	0.146390961213122	1
chr22	26485000	26625000	0.109877687387805	1
chr22	25485000	25715000	0.0800985568703914	1
chr22	25080000	25145000	0.223925170973665	1
chr22	25525000	25750000	0.0808190880764426	1
chr22	27080000	27125000	0.338650683284015	1
chr22	25530000	25740000	0.0840591193716257	1
chr22	26410000	26455000	0.338511178279047	1
chr22	27060000	27115000	0.268607936813316	1
chr22	25490000	25735000	0.0778796873438617	1
chr22	26365000	26640000	0.0746865916616694	1
chr22	26480000	26640000	0.0994933187128919	1
chr22	27130000	27345000	0.0825214185266518	1
chr22	25085000	25175000	0.161527535059259	1
chr22	25490000	25660000	0.0955366237939437	1
chr22	25470000	25730000	0.0755747801369083	1
chr22	25500000	25695000	0.0873883382611822	1
chr22	26005000	26060000	0.26816753276925	1
chr22	25400000	25445000	0.33808651528485	1
chr22	25235000	25310000	0.192515761750234	1
chr22	24965000	25010000	0.338057736829042	1
chr22	27160000	27215000	0.268006603449261	1
chr22	27885000	27930000	0.337979625815251	1
chr22	25500000	25735000	0.0790160610529317	1
chr22	26375000	26450000	0.192375843810775	1
chr22	25495000	25770000	0.074310871947596	1
chr22	25510000	25685000	0.093359088049692	1
chr22	25495000	25735000	0.0785445499062686	1
chr22	25485000	25755000	0.0741974453202906	1
chr22	27275000	27360000	0.16957213108012	1
chr22	25200000	25290000	0.161004905663259	1
chr22	27375000	27450000	0.192213756064105	1
chr22	27465000	27540000	0.192198304695717	1
chr22	25620000	25690000	0.205831893077273	1
chr22	25450000	25600000	0.103837293183626	1
chr22	27445000	27500000	0.267525560731104	1
chr22	26135000	26165000	0.564703918738979	1
chr22	25575000	25675000	0.14516053295013	1
chr22	26470000	26635000	0.0966338933317167	1
chr22	25445000	25695000	0.0762639007906509	1
chr22	25230000	25315000	0.169051747223609	1
chr22	25090000	25185000	0.152277383708659	1
chr22	27115000	27170000	0.26685508450677	1
chr22	25225000	25270000	0.337024641306918	1
chr22	27440000	27495000	0.266818157793058	1
chr22	25480000	25720000	0.0779663032400067	1
chr22	25005000	25035000	0.564212859419521	1
chr22	27285000	27350000	0.222211966763206	1
chr22	25520000	25685000	0.0963625615511415	1
chr22	27025000	27070000	0.336783590797271	1
chr22	25880000	26080000	0.0852614827881611	1
chr22	26565000	26650000	0.168658239724522	1
chr22	25490000	25770000	0.0728353022856277	1
chr22	25440000	25715000	0.0736993891616957	1
chr22	25480000	25775000	0.0715292814425219	1
chr22	25930000	26130000	0.0852034564960728	1
chr22	24990000	25020000	0.563748072334085	1
chr22	27080000	27145000	0.221883462516108	1
chr22	26475000	26635000	0.0983208535505597	1
chr22	26405000	26480000	0.191027484025121	1
chr22	26195000	26240000	0.336329407293333	1
chr22	27145000	27190000	0.33631277165676	1
chr22	25450000	25660000	0.0824877619671872	1
chr22	26850000	27320000	0.0698620747024005	1
chr22	25505000	25755000	0.0756736979864404	1
chr22	25465000	25540000	0.190804803940648	1
chr22	26215000	26270000	0.265796915824997	1
chr22	25460000	25660000	0.0848423104979545	1
chr22	25870000	26075000	0.0836508364056193	1
chr22	27180000	27280000	0.144007617148132	1
chr22	25505000	25670000	0.0958698123866755	1
chr22	26530000	26575000	0.335646639175436	1
chr22	25655000	25685000	0.562656560820993	1
chr22	26510000	26575000	0.220949584224409	1
chr22	26185000	26300000	0.12707966762211	1
chr22	25255000	25310000	0.265195317115104	1
chr22	27230000	27380000	0.102342172130994	1
chr22	25490000	25690000	0.0844745260875829	1
chr22	25500000	25760000	0.0741349985387893	1
chr22	27450000	27505000	0.265029136118022	1
chr22	25600000	25665000	0.220582763624568	1
chr22	27900000	27990000	0.158932972784465	1
chr22	26545000	26620000	0.189787899791764	1
chr22	26495000	26670000	0.0914056003461627	1
chr22	24990000	25035000	0.335038118653783	1
chr22	27925000	28000000	0.189662929921471	1
chr22	26130000	26290000	0.0973416052745113	1
chr22	25230000	25330000	0.143219630700709	1
chr22	26130000	26215000	0.167026421759067	1
chr22	25465000	25670000	0.0827770598119815	1
chr22	25520000	25705000	0.0874428824898617	1
chr22	25500000	25775000	0.0725003017749805	1
chr22	25925000	26335000	0.0681136650026932	1
chr22	27530000	27665000	0.110180762264409	1
chr22	25485000	25730000	0.0755560689571703	1
chr22	25290000	25795000	0.0695616788909498	1
chr22	26225000	26270000	0.334186912438929	1
chr22	25930000	25995000	0.21947182990035	1
chr22	25935000	26080000	0.103971873698907	1
chr22	25435000	25770000	0.0681743722509374	1
chr22	27135000	27300000	0.0944817708003734	1
chr22	27880000	28020000	0.106366001889927	1
chr22	25435000	25785000	0.0679471050157254	1
chr22	25450000	25755000	0.0691245834798722	1
chr22	25280000	25325000	0.333751166719065	1
chr22	25415000	25730000	0.0693118792723565	1
chr22	27180000	27490000	0.0691425906078897	1
chr22	25880000	26220000	0.0684701109496583	1
chr22	25200000	25280000	0.17603430865611	1
chr22	27855000	28005000	0.100927139218235	1
chr22	25480000	25725000	0.0751278067363994	1
chr22	26500000	26610000	0.13055004090732	1
chr22	27180000	27320000	0.10611722513881	1
chr22	25490000	25715000	0.0776469449466715	1
chr22	27275000	27325000	0.293338198931062	1
chr22	27590000	27655000	0.218754611239326	1
chr22	25475000	25735000	0.0728304215304534	1
chr22	25460000	25795000	0.0678615798074905	1
chr22	25110000	25165000	0.262839832611088	1
chr22	27945000	28000000	0.262663955883013	1
chr22	25495000	25780000	0.0705205927055976	1
chr22	27280000	27325000	0.332951537777963	1
chr22	25480000	25680000	0.0828585027072819	1
chr22	27005000	27035000	0.55936107593506	1
chr22	27370000	27415000	0.332826187613522	1
chr22	25525000	25740000	0.0794426100318754	1
chr22	27025000	27055000	0.559327279650652	1
chr22	25550000	25750000	0.0828059067250848	1
chr22	25470000	25655000	0.0863950410676407	1
chr22	25495000	25555000	0.23775704264042	1
chr22	27935000	27980000	0.332602212033119	1
chr22	25535000	25730000	0.0838943520879095	1
chr22	25505000	25765000	0.0724277613775765	1
chr22	25475000	25665000	0.0848564673418258	1
chr22	25465000	25790000	0.0680563380156308	1
chr22	27285000	27330000	0.332427720750918	1
chr22	25440000	25700000	0.0723744789144881	1
chr22	25445000	25725000	0.0705252622154386	1
chr22	26425000	26635000	0.0801855426677348	1
chr22	26400000	26445000	0.332367063653732	1
chr22	27015000	27175000	0.0957501286692186	1
chr22	25475000	25715000	0.0750733561166666	1
chr22	25500000	25740000	0.0750097956640568	1
chr22	27915000	27980000	0.217573707178731	1
chr22	27280000	27365000	0.164917529751826	1
chr22	26055000	26170000	0.124358626948931	1
chr22	26185000	26230000	0.331906914669286	1
chr22	26030000	26130000	0.141035522868601	1
chr22	26385000	26465000	0.174722871950953	1
chr22	26480000	26630000	0.0997683814109071	1
chr22	26395000	26440000	0.33171884583242	1
chr22	25540000	25660000	0.11981804435119	1
chr22	25560000	25615000	0.261367595454521	1
chr22	25235000	25340000	0.134659290156374	1
chr22	25475000	25760000	0.069725918646197	1
chr22	26010000	26170000	0.0952642920046312	1
chr22	26085000	26185000	0.140871770624632	1
chr22	27880000	27965000	0.164531913258727	1
chr22	25550000	25770000	0.0777735614598322	1
chr22	27025000	27080000	0.261177232459915	1
chr22	26160000	26260000	0.140722933851184	1
chr22	25915000	26100000	0.0856413030945769	1
chr22	26170000	26315000	0.102251622173336	1
chr22	25570000	25670000	0.140698965859228	1
chr22	25105000	25190000	0.164372231002821	1
chr22	27490000	27545000	0.261067184110014	1
chr22	27330000	27460000	0.111194866627295	1
chr22	26490000	26625000	0.108187201272453	1
chr22	27355000	27400000	0.331259357902684	1
chr22	25855000	26330000	0.0667056753462017	1
chr22	27865000	27910000	0.331062152413837	1
chr22	27900000	27995000	0.147430727158802	1
chr22	25470000	25680000	0.0793954271168239	1
chr22	25250000	25330000	0.174116012510197	1
chr22	26425000	26630000	0.0805802504753873	1
chr22	25890000	26320000	0.0659601188478064	1
chr22	27130000	27175000	0.330811887551588	1
chr22	27870000	27915000	0.330766828428549	1
chr22	27440000	27470000	0.556996029817618	1
chr22	26185000	26325000	0.10435606162571	1
chr22	27175000	27290000	0.123509319598849	1
chr22	25090000	25190000	0.140198504432114	1
chr22	25895000	26320000	0.0656822512232309	1
chr22	27125000	27170000	0.33037438735573	1
chr22	25455000	25795000	0.0667885545703308	1
chr22	25190000	25320000	0.110569948607586	1
chr22	25590000	25645000	0.260222396325287	1
chr22	27190000	27330000	0.104114426962952	1
chr22	25605000	25665000	0.235449726689459	1
chr22	25495000	25665000	0.0904342888667323	1
chr22	25445000	25705000	0.0711345418115126	1
chr22	25510000	25690000	0.0864661650123973	1
chr22	25555000	25650000	0.146452881845275	1
chr22	26485000	26615000	0.110069593869494	1
chr22	26145000	26230000	0.163070265204943	1
chr22	25595000	25695000	0.139354939964051	1
chr22	25875000	26320000	0.0657516651733238	1
chr22	27175000	27240000	0.215314598261045	1
chr22	27360000	27405000	0.329249865411853	1
chr22	25495000	25710000	0.0776031747579038	1
chr22	25505000	25745000	0.0734504049246224	1
chr22	25625000	25690000	0.215244769185096	1
chr22	27525000	27595000	0.198804171829884	1
chr22	25950000	25995000	0.328881169672509	1
chr22	26020000	26200000	0.0860416907016832	1
chr22	25885000	26140000	0.0711055161852602	1
chr22	25540000	25740000	0.0807566537778533	1
chr22	25860000	26125000	0.0700748823392533	1
chr22	26965000	27135000	0.0895839270985954	1
chr22	25545000	25740000	0.0817532294818516	1
chr22	25775000	26330000	0.0679684795919858	1
chr22	25525000	25665000	0.10317820382255	1
chr22	25440000	25775000	0.0656557904887586	1
chr22	27905000	27980000	0.184146027377817	1
chr22	25895000	26315000	0.0647028859356477	1
chr22	25495000	25690000	0.0816952180504072	1
chr22	26430000	26660000	0.0743607430002285	1
chr22	25610000	25665000	0.258359183057364	1
chr22	27870000	27995000	0.113136410751184	1
chr22	27930000	27985000	0.258289908531886	1
chr22	26555000	26620000	0.214329271836256	1
chr22	25485000	25670000	0.0840197719201004	1
chr22	25555000	25745000	0.0825652858733509	1
chr22	25560000	25715000	0.0952019287880428	1
chr22	26385000	26450000	0.214159880059019	1
chr22	25590000	25675000	0.161954060711679	1
chr22	26390000	26470000	0.171967170043092	1
chr22	26045000	26210000	0.0909620144988894	1
chr22	26535000	26655000	0.117289458115788	1
chr22	26175000	26205000	0.554060846891522	1
chr22	27330000	27385000	0.257744590872448	1
chr22	25925000	26075000	0.0974359897651177	1
chr22	25895000	26325000	0.064429513990718	1
chr22	25930000	26190000	0.0700124862503612	1
chr22	27605000	27650000	0.327379035664157	1
chr22	25435000	25765000	0.0651671661872576	1
chr22	25480000	25730000	0.071051031655512	1
chr22	26990000	27165000	0.0868155624387144	1
chr22	25570000	25745000	0.0868100716116488	1
chr22	25480000	25735000	0.0703718921655058	1
chr22	25550000	25735000	0.0836153960747937	1
chr22	25890000	26325000	0.0641802861409674	1
chr22	27145000	27265000	0.116847729409057	1
chr22	25935000	26025000	0.152449987035433	1
chr22	27855000	27985000	0.108748096683975	1
chr22	27870000	27985000	0.121201985558171	1
chr22	25580000	25690000	0.126026770410577	1
chr22	25885000	26335000	0.0642123920654629	1
chr22	27850000	27975000	0.112258326011199	1
chr22	25940000	26040000	0.137609760963228	1
chr22	25600000	25675000	0.182695608173501	1
chr22	27475000	27530000	0.256856785846118	1
chr22	26470000	26640000	0.0884485770835176	1
chr22	26470000	26660000	0.0817017410932482	1
chr22	27015000	27260000	0.0715098665463144	1
chr22	25930000	25985000	0.256650524636709	1
chr22	25545000	25665000	0.116316427757396	1
chr22	27155000	27265000	0.125588973838366	1
chr22	26520000	26660000	0.101796054922452	1
chr22	25990000	26045000	0.256435294095657	1
chr22	25545000	25635000	0.15178393085751	1
chr22	27605000	27720000	0.120576548553554	1
chr22	25535000	25640000	0.13098409628864	1
chr22	25190000	25305000	0.12054294737486	1
chr22	25570000	25675000	0.130921340038242	1
chr22	26245000	26275000	0.552300686604374	1
chr22	27840000	27990000	0.0964760012155853	1
chr22	27595000	27740000	0.0991512723339843	1
chr22	26605000	26635000	0.552071081263278	1
chr22	25445000	25740000	0.0657655082945773	1
chr22	26200000	26310000	0.125183739559657	1
chr22	27270000	27365000	0.143660790929647	1
chr22	25535000	25760000	0.0736243450265051	1
chr22	27190000	27320000	0.107742937777528	1
chr22	27895000	28015000	0.115679118493317	1
chr22	27215000	27355000	0.101323322131538	1
chr22	25200000	25330000	0.107661303106717	1
chr22	26135000	26215000	0.17000511580162	1
chr22	25460000	25790000	0.0640767077836276	1
chr22	26085000	26205000	0.115606691763949	1
chr22	27385000	27415000	0.551506912825573	1
chr22	25290000	25605000	0.0649990418075533	1
chr22	26540000	26585000	0.325017247235304	1
chr22	27250000	27535000	0.0665803195054005	1
chr22	27195000	27370000	0.0855777126833833	1
chr22	26520000	26620000	0.136480169516208	1
chr22	25200000	25325000	0.111106121103628	1
chr22	27460000	27720000	0.0687651389309131	1
chr22	26180000	26225000	0.324856526186329	1
chr22	25485000	25690000	0.0773243427413436	1
chr22	25885000	26090000	0.0772976424422126	1
chr22	26520000	26575000	0.255248284550502	1
chr22	25555000	25645000	0.150814672956949	1
chr22	27915000	27995000	0.169686123693356	1
chr22	26145000	26225000	0.169677324611023	1
chr22	25555000	25765000	0.0761380500519665	1
chr22	27180000	27470000	0.0658863777231939	1
chr22	25495000	25785000	0.0658377976607829	1
chr22	27350000	27505000	0.0932525993603542	1
chr22	25880000	26115000	0.0716346497154093	1
chr22	25905000	26080000	0.0852119376530266	1
chr22	25510000	25770000	0.0684578744207911	1
chr22	27110000	27155000	0.324251240052311	1
chr22	25515000	25740000	0.0730013147478448	1
chr22	26940000	27000000	0.230411598881345	1
chr22	27445000	27510000	0.210893597008722	1
chr22	25235000	25515000	0.0663395543423639	1
chr22	26535000	26620000	0.158974859420486	1
chr22	26500000	26625000	0.110560267183253	1
chr22	26080000	26150000	0.194515508549582	1
chr22	26510000	26615000	0.129626643035446	1
chr22	26005000	26110000	0.12962470241494	1
chr22	25525000	25755000	0.0721047097893821	1
chr22	26000000	26205000	0.0767734727905148	1
chr22	27925000	28010000	0.15888213843314	1
chr22	27865000	28015000	0.0953095544480954	1
chr22	27120000	27205000	0.15881794254775	1
chr22	27200000	27365000	0.0887162845621649	1
chr22	25520000	25735000	0.0746387895727113	1
chr22	25360000	25450000	0.150008358759436	1
chr22	25475000	25540000	0.210463813018835	1
chr22	27295000	27495000	0.0777813220109629	1
chr22	27105000	27565000	0.0627401643422681	1
chr22	27360000	27795000	0.0623084251077671	1
chr22	26070000	26240000	0.08648280115071	1
chr22	25565000	25760000	0.0786806450002683	1
chr22	25240000	25325000	0.158183689831085	1
chr22	25430000	25745000	0.0639002765397143	1
chr22	25080000	25185000	0.129015151065885	1
chr22	25500000	25545000	0.32298353507211	1
chr22	26150000	26325000	0.0843756947868604	1
chr22	26535000	26590000	0.253461091663964	1
chr22	27125000	27455000	0.0630057404359846	1
chr22	27290000	27410000	0.114083851965917	1
chr22	27465000	27700000	0.070713514544055	1
chr22	25555000	25735000	0.0826211590133425	1
chr22	25875000	26175000	0.0640288083305908	1
chr22	27945000	27990000	0.322642696478416	1
chr22	25540000	25730000	0.0795041377006366	1
chr22	26570000	26615000	0.32262825629685	1
chr22	26035000	26080000	0.322551277853797	1
chr22	25600000	25720000	0.113801410888477	1
chr22	25095000	25155000	0.228802765552166	1
chr22	27065000	27270000	0.0758560822476489	1
chr22	24960000	25060000	0.134565135288739	1
chr22	25905000	26115000	0.0747614314843961	1
chr22	27610000	27670000	0.228696934050677	1
chr22	25180000	25345000	0.0877610010322053	1
chr22	25545000	25730000	0.0807962928918106	1
chr22	25900000	26330000	0.0615156207474808	1
chr22	25475000	25790000	0.0634119770904697	1
chr22	26535000	26625000	0.148657272843224	1
chr22	25520000	25690000	0.0857884623733515	1
chr22	25255000	25335000	0.167232470096824	1
chr22	25820000	26320000	0.0624011816980992	1
chr22	25215000	25275000	0.228256576694382	1
chr22	25925000	26225000	0.0635643293589458	1
chr22	27850000	27995000	0.0965275589941763	1
chr22	25915000	26180000	0.0664984650431462	1
chr22	27140000	27250000	0.122467520457902	1
chr22	26055000	26210000	0.0916326058084227	1
chr22	27805000	28060000	0.0674919011484734	1
chr22	27895000	27930000	0.444966676871289	1
chr22	25875000	26170000	0.0637433348647902	1
chr22	26170000	26340000	0.0855462024130014	1
chr22	25890000	26090000	0.0767440478779454	1
chr22	25515000	25765000	0.0680827554786211	1
chr22	25935000	25990000	0.251993916318187	1
chr22	27085000	27165000	0.166943533203972	1
chr22	27180000	27315000	0.101955549913434	1
chr22	25445000	25715000	0.0657906619924426	1
chr22	25520000	25715000	0.0776636773938265	1
chr22	25570000	25725000	0.0914268715601999	1
chr22	25940000	26010000	0.1922271310612	1
chr22	25585000	25700000	0.117203242603594	1
chr22	26100000	26320000	0.0724133120666643	1
chr22	25520000	25660000	0.098768738582672	1
chr22	25580000	25685000	0.127649681169767	1
chr22	27105000	27140000	0.444441238184604	1
chr22	25200000	25335000	0.101704853121179	1
chr22	25525000	25685000	0.089133066935503	1
chr22	25505000	25720000	0.0730767262908144	1
chr22	25580000	25695000	0.116949016910152	1
chr22	25265000	25325000	0.227444082300134	1
chr22	25205000	25320000	0.116920389290576	1
chr22	27285000	27345000	0.227374670354255	1
